6.870268,0.472268,16.312268,6.687268,-5.065732,-6.171732,0.736268,4.509268,7.465268,6.582268,-1.849732,6.718268,3.605268,-5.127732,5.409268,6.551268,-0.897732,3.532268,1.446268,10.238268,5.702268,3.148268,-5.452732,-1.910732,-4.485732,4.866268,-0.280732,2.510268,3.714268,4.501268,5.398268,4.829268,0
10.390268,-4.179732,-1.967732,-3.259732,4.246268,-1.020732,1.277268,9.239268,8.902268,5.402268,-6.021732,1.772268,-9.405732,7.775268,-1.182732,2.572268,-1.400732,6.575268,1.629268,-0.230732,2.553268,4.951268,2.090268,-4.996732,-20.979732,-2.313732,-9.130732,0.166268,3.728268,-0.221732,1.122268,-3.994732,0
8.144268,0.357268,-3.041732,7.664268,5.487268,17.144268,3.752268,-2.489732,2.968268,-0.146732,0.451268,-1.192732,-3.433732,2.491268,5.244268,1.086268,-0.102732,-0.340732,1.426268,-4.515732,-1.360732,-2.321732,4.204268,0.024268,12.897268,4.143268,13.990268,6.779268,-1.218732,6.660268,2.291268,6.058268,0
-2.769732,0.902268,7.425268,3.573268,-4.529732,-2.176732,0.426268,0.357268,4.087268,9.527268,6.612268,-0.925732,5.232268,-0.251732,0.085268,1.730268,5.016268,21.317268,-1.801732,3.037268,4.152268,-2.998732,-1.787732,-2.428732,0.050268,3.567268,7.352268,7.945268,-1.967732,-0.116732,0.314268,3.592268,0
8.567268,2.048268,0.371268,1.060268,-1.284732,3.421268,-2.876732,4.313268,-2.060732,8.075268,0.951268,-4.856732,3.229268,3.091268,-1.205732,-0.227732,2.091268,-2.825732,-1.890732,3.143268,3.370268,4.862268,0.267268,1.824268,0.266268,5.912268,-0.021732,4.367268,-4.672732,-1.389732,6.579268,3.047268,0
1.019268,1.418268,0.369268,3.827268,2.009268,5.802268,-0.070732,2.505268,-1.575732,-1.271732,0.951268,-1.847732,3.744268,-0.700732,-0.499732,-8.391732,2.835268,3.325268,0.252268,-1.411732,0.576268,5.245268,-6.191732,-0.570732,0.736268,1.726268,4.993268,3.788268,11.816268,-5.201732,-2.464732,3.985268,0
1.016268,4.066268,1.603268,1.155268,2.974268,2.051268,-2.375732,0.172268,5.275268,-9.918732,3.470268,1.137268,-5.217732,-10.310732,6.480268,0.840268,6.510268,4.517268,0.294268,-11.752732,2.883268,6.564268,0.542268,0.751268,1.043268,-3.019732,4.908268,7.632268,7.682268,-2.202732,-3.088732,5.354268,0
-2.498732,-3.767732,7.354268,-4.170732,4.104268,9.258268,4.282268,4.122268,-8.366732,2.886268,6.491268,0.480268,4.242268,-9.418732,4.802268,-1.640732,1.597268,7.581268,2.270268,1.361268,3.083268,2.614268,0.633268,-2.428732,-0.006732,2.447268,4.375268,-11.104732,6.373268,-2.351732,-1.872732,7.379268,0
8.511268,-4.667732,3.901268,-7.104732,2.815268,-4.665732,-8.189732,6.210268,-6.129732,-1.771732,-6.797732,-2.522732,4.738268,-6.225732,4.292268,4.304268,7.141268,0.913268,-0.097732,-0.788732,8.277268,1.946268,-7.511732,-3.091732,2.228268,5.420268,-3.111732,-14.124732,4.320268,7.670268,3.348268,1.952268,0
2.870268,3.497268,-15.912732,10.967268,-15.757732,5.943268,7.740268,1.797268,1.140268,-2.865732,2.036268,5.289268,-0.232732,2.592268,-0.892732,-3.544732,-2.294732,-0.001732,-0.588732,-2.272732,1.405268,0.555268,1.008268,8.955268,1.109268,-2.607732,4.512268,7.421268,-1.866732,-4.730732,-1.541732,6.627268,0
2.142268,9.900268,-1.148732,4.752268,1.925268,3.215268,-2.289732,-7.255732,7.002268,2.246268,6.430268,1.918268,-4.332732,-0.531732,-0.934732,-4.079732,-0.530732,3.206268,-0.574732,8.112268,5.790268,9.115268,7.418268,-1.006732,8.416268,1.179268,-5.885732,-1.444732,3.749268,12.408268,5.005268,6.720268,0
3.244268,-2.464732,4.471268,-1.908732,2.435268,2.617268,-0.891732,1.195268,1.235268,-7.089732,-1.522732,4.265268,1.611268,-2.135732,0.161268,6.235268,4.801268,-1.618732,5.433268,3.834268,7.374268,3.486268,3.145268,4.035268,-1.744732,4.568268,7.223268,6.254268,-2.577732,1.856268,3.021268,-8.883732,0
-1.790732,3.955268,7.611268,-5.394732,3.725268,5.254268,3.350268,9.508268,4.474268,7.921268,2.527268,3.951268,0.361268,1.772268,5.560268,1.731268,-1.188732,-2.277732,6.376268,2.511268,4.442268,9.958268,-0.040732,2.285268,2.130268,4.780268,7.080268,-0.364732,-0.702732,4.625268,-3.471732,-6.809732,0
5.000268,4.501268,4.504268,2.141268,-0.343732,-3.234732,3.709268,0.296268,-2.986732,-7.518732,8.095268,-1.086732,3.875268,4.569268,-0.276732,-11.395732,1.859268,3.284268,-3.442732,-4.396732,1.044268,4.738268,-0.101732,-1.212732,-2.151732,-1.753732,0.090268,9.872268,-2.849732,-8.090732,1.242268,0.945268,0
0.178268,2.463268,-2.569732,2.688268,3.367268,15.480268,-2.019732,6.125268,-7.992732,0.502268,0.897268,7.997268,-0.350732,2.620268,2.943268,-0.634732,1.476268,2.042268,6.234268,19.753268,3.901268,2.708268,4.886268,-0.340732,-4.202732,2.793268,-3.495732,-1.809732,-4.302732,-8.724732,-0.065732,6.454268,0
-3.713732,2.526268,-6.107732,7.365268,6.453268,-1.599732,1.245268,-2.229732,-1.791732,11.666268,8.158268,2.324268,0.389268,1.837268,8.589268,-1.728732,6.975268,-1.758732,2.102268,5.039268,9.518268,7.053268,-0.812732,-4.465732,4.532268,-5.074732,-2.055732,7.182268,-2.263732,-7.779732,-10.538732,6.343268,0
1.066268,3.104268,-7.738732,-3.420732,9.122268,-3.631732,-5.146732,-5.091732,6.682268,1.903268,0.862268,-2.883732,-4.719732,-0.638732,1.067268,-0.804732,-1.157732,-2.382732,1.688268,-3.524732,4.202268,1.875268,-0.149732,2.181268,-3.509732,-2.692732,4.176268,3.274268,-2.508732,7.446268,5.945268,-6.286732,0
-2.605732,3.573268,4.956268,-0.449732,5.943268,5.500268,7.665268,-4.250732,-1.345732,1.641268,3.862268,2.772268,-1.010732,-3.312732,1.051268,9.814268,-3.104732,0.349268,1.849268,1.900268,3.846268,4.695268,3.245268,0.931268,-3.581732,0.397268,1.223268,-3.843732,0.803268,-1.928732,5.710268,3.432268,0
5.502268,4.398268,5.908268,-3.698732,-11.031732,0.009268,4.831268,-1.148732,7.595268,-3.744732,-1.977732,-8.867732,4.817268,-0.983732,5.615268,3.545268,-3.766732,1.798268,8.795268,-1.244732,3.012268,4.931268,-10.308732,-2.184732,2.739268,-4.122732,1.702268,-4.432732,4.980268,0.162268,-9.069732,-0.492732,0
0.755268,8.837268,3.315268,2.810268,-4.189732,-1.051732,5.449268,-3.911732,2.297268,-0.218732,-0.936732,1.063268,-1.260732,-2.509732,4.066268,2.790268,3.235268,4.973268,1.796268,-4.850732,2.818268,3.724268,2.753268,-1.330732,6.443268,2.712268,-1.631732,7.716268,1.433268,1.769268,5.858268,-5.390732,0
5.698268,1.750268,0.394268,6.301268,4.701268,-4.419732,2.884268,1.336268,-3.192732,0.956268,-3.734732,1.384268,1.939268,8.727268,-9.954732,-0.392732,1.491268,-0.012732,-3.400732,9.096268,-4.135732,0.454268,1.374268,-3.194732,-8.601732,-6.407732,0.143268,2.638268,-3.365732,-0.706732,6.985268,21.770268,0
2.567268,-1.853732,1.878268,3.977268,6.611268,2.657268,4.952268,-2.458732,6.388268,0.606268,-1.740732,4.446268,-5.895732,-2.572732,2.753268,0.108268,7.477268,-4.351732,9.991268,1.284268,1.996268,6.893268,3.443268,5.041268,-1.641732,4.214268,6.113268,-1.311732,2.685268,-3.069732,5.049268,-4.649732,0
0.059268,2.066268,2.034268,-1.363732,2.848268,5.358268,9.654268,0.055268,-6.804732,-3.728732,-3.943732,-0.740732,-1.642732,5.383268,-3.780732,4.844268,-2.621732,-8.575732,-4.568732,-0.059732,5.562268,-0.508732,-1.578732,-4.193732,2.526268,3.102268,6.985268,-0.143732,2.668268,-4.249732,4.712268,3.239268,0
6.353268,6.892268,7.191268,5.036268,6.075268,-0.645732,0.843268,2.292268,7.766268,0.174268,0.968268,2.910268,7.181268,-2.479732,-0.529732,1.781268,0.613268,1.007268,6.337268,-1.728732,-1.166732,0.272268,2.365268,5.187268,7.599268,-5.734732,-3.528732,-4.094732,-2.066732,2.561268,1.485268,1.381268,0
0.734268,-4.436732,0.922268,6.044268,2.017268,0.503268,6.928268,-4.683732,9.487268,1.619268,1.891268,-17.769732,-1.601732,-0.755732,6.326268,0.412268,4.814268,2.681268,-3.293732,1.580268,-7.182732,-6.192732,0.140268,12.565268,-4.231732,-2.194732,0.430268,1.433268,0.218268,1.268268,-1.438732,3.507268,0
3.187268,3.257268,-1.897732,-0.366732,2.050268,-0.786732,5.557268,1.032268,0.745268,2.349268,5.806268,7.971268,3.522268,5.502268,1.565268,-4.950732,-3.142732,-0.335732,-3.048732,1.528268,-3.848732,-0.332732,7.542268,-6.283732,5.183268,0.837268,-4.988732,0.648268,1.695268,4.732268,4.624268,0.506268,0
4.621268,-4.107732,-1.131732,-5.451732,-5.257732,2.114268,2.455268,6.343268,-7.142732,11.895268,3.821268,-0.163732,-5.874732,-3.649732,1.421268,4.592268,-0.946732,-8.110732,0.028268,-0.181732,0.279268,-8.646732,3.563268,-1.967732,-4.430732,-1.552732,15.929268,1.132268,-1.037732,-0.906732,11.916268,-6.148732,0
4.600268,-0.310732,-0.160732,-2.193732,-5.908732,-1.210732,-0.124732,-0.478732,1.186268,-3.495732,2.055268,-1.388732,0.175268,2.629268,3.970268,4.668268,3.149268,0.948268,7.194268,-6.636732,-1.441732,4.968268,2.299268,-1.869732,4.663268,4.912268,2.577268,6.644268,5.931268,-7.735732,-1.504732,7.894268,0
0.306268,-3.120732,2.233268,-3.861732,7.215268,2.415268,2.703268,-8.498732,-1.014732,-2.208732,7.377268,-6.804732,-3.504732,0.509268,3.109268,2.039268,2.184268,3.108268,-1.745732,-3.896732,0.500268,0.542268,-2.319732,1.491268,-0.454732,6.951268,-9.116732,2.588268,1.869268,-6.487732,-3.856732,-17.059732,0
-1.598732,6.236268,-0.087732,1.014268,-2.754732,-9.854732,-0.379732,-8.624732,1.773268,-5.512732,-0.544732,4.138268,-3.224732,-0.752732,6.483268,2.896268,-3.393732,0.665268,6.104268,6.062268,1.313268,3.131268,0.711268,3.066268,-0.525732,-8.445732,-1.063732,-2.606732,-2.800732,0.345268,1.890268,-7.820732,0
3.142268,-5.375732,-0.099732,1.011268,-1.803732,1.941268,-0.545732,-3.451732,5.332268,-0.348732,1.574268,6.007268,-4.779732,-0.479732,10.227268,-0.975732,-5.988732,0.494268,5.521268,1.068268,18.733268,-2.535732,5.069268,-2.145732,-7.332732,7.844268,-1.368732,4.314268,3.694268,2.732268,1.501268,0.877268,0
8.848268,5.536268,4.912268,5.491268,-2.967732,3.350268,3.620268,15.330268,-2.957732,-1.000732,-1.043732,-0.366732,-1.700732,-1.500732,-5.142732,1.281268,2.257268,-0.638732,5.023268,-0.512732,-5.032732,-4.803732,4.457268,2.958268,1.981268,-16.434732,-4.209732,7.911268,3.141268,-5.828732,-5.568732,1.939268,0
12.273268,-5.328732,-0.286732,5.027268,-0.077732,0.824268,2.501268,3.152268,1.730268,-0.709732,-7.908732,1.336268,11.324268,5.041268,2.002268,-0.285732,-2.439732,-1.795732,0.947268,-4.413732,7.775268,-1.257732,0.648268,10.371268,8.441268,0.498268,-5.363732,-2.336732,1.279268,-0.385732,6.805268,6.759268,0
-2.644732,4.795268,4.827268,1.962268,0.414268,-3.160732,2.384268,9.549268,0.931268,-1.184732,5.073268,5.087268,2.913268,-4.884732,6.570268,-4.941732,-3.524732,13.879268,-1.197732,8.434268,3.173268,-6.269732,3.228268,7.290268,4.305268,-5.304732,-0.112732,-19.313732,-3.121732,-3.905732,0.904268,-2.375732,0
-6.913732,9.686268,3.248268,-7.663732,2.254268,0.326268,9.731268,9.567268,0.515268,1.420268,-3.051732,-1.430732,0.731268,5.826268,-1.423732,1.765268,0.442268,-2.938732,-4.155732,6.264268,-3.062732,-0.284732,1.661268,-0.606732,-4.522732,1.645268,2.593268,-1.815732,2.663268,3.428268,3.368268,4.068268,0
0.069268,0.471268,-4.571732,-0.387732,1.389268,-2.488732,-4.482732,4.816268,-4.701732,3.617268,-2.574732,1.820268,-3.810732,7.742268,-8.737732,-0.512732,-1.106732,-0.525732,0.402268,0.634268,4.453268,-4.528732,-2.721732,0.282268,6.286268,0.722268,3.052268,3.324268,-0.592732,0.806268,2.655268,8.115268,0
8.250268,4.893268,-0.919732,4.574268,1.663268,-2.658732,-0.113732,4.355268,1.713268,3.142268,3.660268,6.424268,-0.628732,-4.720732,-9.575732,-1.119732,-5.249732,2.450268,-2.943732,-3.250732,2.510268,7.068268,7.697268,0.009268,4.863268,-1.977732,-4.034732,2.614268,3.980268,-6.245732,3.916268,10.021268,0
-1.303732,-2.653732,5.938268,0.495268,3.893268,-1.653732,2.593268,11.178268,-0.790732,8.015268,-5.202732,-8.782732,-0.907732,0.203268,-1.472732,-5.505732,-5.551732,-3.537732,5.056268,6.402268,-2.739732,4.440268,9.130268,-3.038732,-2.758732,1.806268,1.137268,0.089268,-0.992732,3.766268,-3.433732,-3.126732,0
-1.320732,3.923268,-2.587732,6.599268,1.218268,1.093268,3.144268,-8.941732,0.191268,-2.880732,-0.736732,4.758268,-0.092732,5.533268,5.604268,3.293268,-4.544732,-3.825732,4.221268,-0.755732,-4.935732,3.792268,9.123268,5.033268,7.649268,1.827268,11.776268,-6.244732,5.395268,-2.858732,0.426268,0.026268,0
-1.993732,-0.559732,1.117268,1.693268,-1.195732,-0.215732,-1.978732,-0.473732,0.467268,6.999268,-3.684732,5.822268,3.747268,-1.018732,-4.739732,-3.053732,-0.233732,4.620268,0.570268,4.319268,-3.532732,-2.954732,6.875268,21.567268,1.277268,-0.610732,3.033268,10.032268,6.918268,-4.716732,3.179268,5.948268,0
0.864268,-2.787732,-1.046732,2.576268,8.062268,3.195268,-1.204732,5.322268,0.055268,10.809268,-4.171732,-0.165732,-3.034732,0.422268,21.998268,7.462268,1.768268,6.031268,3.950268,0.208268,5.197268,0.142268,-0.743732,1.819268,5.367268,-1.921732,2.731268,-4.735732,9.277268,-2.665732,-2.897732,1.244268,0
-4.915732,-4.149732,1.733268,5.095268,-1.075732,4.284268,-4.007732,-3.745732,-0.588732,-0.249732,-4.971732,-3.874732,-2.509732,-4.146732,5.502268,-1.284732,4.424268,5.370268,0.938268,4.117268,-3.723732,-5.794732,0.598268,0.095268,-3.623732,-0.534732,2.718268,5.798268,2.903268,4.530268,-0.475732,-0.142732,0
5.440268,-1.932732,5.713268,2.625268,-4.640732,10.260268,3.551268,-1.501732,1.640268,-6.729732,-0.036732,1.406268,-2.316732,-5.209732,-6.596732,-1.958732,0.257268,0.896268,-0.990732,2.727268,-0.758732,1.460268,0.111268,1.292268,7.293268,2.516268,10.639268,3.145268,-2.351732,1.463268,6.619268,6.959268,0
-1.820732,4.979268,-6.735732,4.930268,-2.734732,0.145268,9.638268,5.857268,2.728268,-6.753732,4.217268,-5.324732,-0.120732,4.113268,-7.187732,6.874268,1.338268,0.868268,7.025268,-5.552732,5.407268,-1.342732,5.641268,0.592268,-5.292732,-0.005732,6.098268,-4.254732,1.547268,3.936268,-0.891732,2.586268,0
6.216268,-2.711732,5.280268,-3.920732,3.684268,3.290268,-1.893732,-3.020732,2.252268,3.238268,-0.230732,11.819268,-4.900732,2.185268,3.220268,2.651268,-2.721732,-4.324732,-0.634732,-0.550732,5.510268,-5.668732,-0.385732,4.312268,-7.779732,0.049268,-0.848732,-0.857732,2.732268,-2.880732,-3.947732,-1.502732,0
-3.994732,2.466268,-2.603732,1.821268,3.871268,3.751268,3.684268,-1.929732,-2.276732,3.204268,-0.390732,-3.884732,4.002268,4.944268,4.109268,5.378268,-0.167732,-18.895732,-2.601732,-0.562732,2.264268,-2.517732,1.788268,0.168268,2.591268,5.414268,1.878268,-0.531732,-4.363732,-2.245732,1.413268,5.310268,0
3.245268,1.475268,-0.211732,4.082268,4.007268,2.058268,7.391268,1.438268,2.957268,2.820268,-19.876732,1.610268,9.028268,-1.868732,-1.888732,2.736268,-5.434732,-2.272732,4.662268,5.708268,11.099268,10.818268,0.637268,2.028268,0.758268,0.866268,-5.977732,-0.363732,6.750268,0.798268,1.689268,-0.345732,0
8.639268,3.076268,-1.024732,-0.352732,6.645268,-2.309732,1.685268,4.570268,2.378268,-0.391732,1.158268,-3.362732,8.219268,0.269268,5.393268,-2.683732,-3.692732,-0.910732,4.045268,2.967268,2.834268,-0.667732,-4.896732,-8.173732,1.950268,-9.053732,3.460268,-4.373732,-4.764732,5.032268,5.319268,6.612268,0
0.190268,-1.469732,-3.440732,2.643268,19.503268,4.325268,0.595268,-2.652732,-3.340732,0.962268,0.892268,1.264268,-2.477732,5.358268,-3.322732,3.560268,-6.132732,-5.622732,-1.497732,-0.375732,-9.022732,-1.065732,2.397268,-4.613732,-6.232732,10.159268,-3.971732,2.357268,10.732268,7.492268,4.095268,1.344268,0
4.214268,1.780268,5.838268,-7.543732,6.840268,-0.887732,-1.130732,-7.767732,2.755268,2.078268,-6.120732,-7.711732,-5.027732,-0.224732,7.438268,2.551268,-5.243732,2.932268,4.554268,2.461268,3.572268,-1.609732,3.052268,1.197268,-0.560732,-0.673732,3.242268,-11.951732,2.409268,-0.231732,-0.453732,-4.796732,0
3.159268,-0.427732,-3.390732,1.436268,-2.323732,-1.796732,1.392268,1.584268,-1.440732,0.843268,-3.047732,0.034268,2.218268,16.881268,3.293268,-6.227732,7.745268,0.829268,-1.713732,0.002268,-7.887732,-9.628732,3.192268,-6.430732,-1.770732,8.439268,6.566268,-5.343732,3.946268,5.029268,0.805268,3.278268,0
-2.130732,4.582268,-0.707732,4.912268,-2.870732,1.072268,-0.829732,-1.947732,1.117268,-1.648732,0.318268,10.314268,4.061268,2.140268,1.516268,7.032268,0.343268,3.640268,4.649268,4.863268,1.601268,0.375268,-3.235732,-1.567732,-4.091732,-7.766732,1.774268,-3.853732,1.339268,-0.941732,5.587268,-2.736732,0
1.322268,0.232268,1.697268,-0.981732,4.119268,0.709268,10.305268,2.616268,6.462268,6.001268,4.962268,1.116268,2.723268,-2.011732,0.819268,0.149268,5.487268,3.571268,-3.091732,1.955268,1.458268,0.222268,0.207268,-7.113732,1.598268,-10.227732,-2.095732,19.382268,-5.191732,-4.052732,7.294268,0.492268,0
1.000268,4.385268,7.566268,-5.780732,4.270268,7.438268,-2.425732,-0.498732,-4.394732,0.883268,6.435268,5.830268,3.108268,5.950268,-5.111732,-7.011732,4.466268,2.862268,4.405268,2.985268,3.705268,4.165268,-0.104732,-4.128732,-1.239732,6.192268,-0.496732,-0.589732,0.419268,1.489268,2.751268,-13.409732,0
-6.290732,2.906268,5.010268,5.508268,-9.033732,-3.963732,6.963268,3.588268,-2.723732,-10.224732,-4.836732,-3.212732,-4.328732,-3.303732,4.814268,-0.844732,5.817268,5.441268,7.920268,-2.231732,3.791268,2.001268,2.000268,-2.015732,-4.383732,-3.094732,-1.347732,-3.704732,4.168268,-4.870732,6.115268,9.643268,0
1.779268,3.953268,4.410268,21.569268,6.079268,0.764268,-3.129732,3.356268,-3.747732,2.423268,-5.371732,4.388268,-6.884732,8.895268,0.658268,3.072268,2.923268,5.447268,-3.914732,2.139268,0.498268,-2.230732,-3.375732,4.340268,3.763268,-4.825732,0.321268,2.690268,-9.031732,4.308268,0.313268,2.563268,0
-2.474732,1.793268,8.252268,2.643268,1.227268,0.943268,1.442268,8.050268,1.375268,0.496268,-1.013732,-0.185732,0.435268,6.731268,3.612268,5.071268,0.146268,4.424268,0.844268,-4.055732,-4.845732,4.219268,-3.804732,-1.826732,-2.884732,8.395268,0.228268,1.998268,-7.445732,2.645268,-2.906732,4.134268,0
0.545268,1.477268,-7.122732,-2.622732,2.113268,11.692268,6.141268,-4.468732,-1.010732,10.307268,-1.572732,-12.219732,8.136268,0.246268,6.465268,-3.525732,-2.948732,3.845268,6.180268,-0.807732,-7.662732,3.844268,3.698268,9.874268,-2.087732,2.334268,-3.115732,-1.264732,1.997268,-4.998732,-4.832732,-1.315732,0
-2.798732,7.204268,-1.960732,0.020268,6.301268,0.659268,5.308268,-1.586732,1.088268,-1.411732,1.422268,4.580268,3.800268,6.623268,2.251268,-2.562732,3.482268,-4.302732,-0.431732,-4.588732,3.447268,2.990268,3.561268,-6.569732,8.777268,-3.164732,3.716268,5.586268,3.993268,0.931268,3.301268,3.399268,0
-7.607732,-7.102732,-1.492732,-2.186732,-1.284732,1.630268,6.014268,1.087268,-7.228732,-3.379732,-0.734732,2.978268,3.794268,-4.060732,1.252268,7.479268,10.869268,5.147268,-0.040732,-6.330732,5.078268,-0.617732,-2.386732,-4.975732,2.271268,-3.241732,21.572268,-0.610732,0.013268,-7.088732,-1.694732,-2.015732,0
1.223268,4.526268,-3.198732,-2.140732,0.134268,6.661268,-0.280732,11.350268,3.973268,3.901268,-2.029732,3.916268,-2.021732,6.683268,3.163268,-5.511732,-1.657732,-3.392732,1.360268,-3.630732,-1.574732,-0.281732,-1.565732,-1.881732,-0.320732,2.935268,0.104268,3.819268,4.561268,-1.251732,-3.259732,1.769268,0
-5.518732,-0.298732,-1.143732,2.909268,-1.671732,4.644268,-6.808732,-1.856732,-5.596732,-1.477732,18.098268,-3.370732,7.240268,-1.295732,-1.689732,-1.410732,-8.830732,-0.507732,7.730268,4.350268,-6.628732,3.596268,-2.158732,7.585268,2.724268,4.269268,3.799268,0.128268,0.519268,-0.797732,1.642268,5.662268,0
1.581268,-6.860732,2.617268,3.723268,1.367268,3.403268,2.816268,6.237268,-6.682732,0.931268,-2.299732,3.178268,-4.087732,1.356268,2.887268,-12.349732,-7.413732,4.360268,-5.151732,2.265268,-0.215732,9.309268,-1.728732,0.143268,-1.636732,12.440268,0.663268,-0.396732,8.654268,6.207268,-4.247732,6.710268,0
-3.857732,-1.855732,2.523268,-1.290732,-1.572732,-6.897732,-16.193732,-3.307732,4.813268,-1.255732,5.338268,-1.148732,2.515268,-0.398732,5.087268,-5.065732,5.635268,-3.090732,-3.646732,6.639268,-10.722732,-0.058732,1.957268,-9.186732,8.561268,-1.597732,9.682268,8.234268,-8.351732,3.048268,0.357268,1.684268,0
-1.303732,-19.873732,9.167268,-3.344732,0.432268,-6.115732,-5.509732,-1.253732,-5.841732,-1.669732,9.507268,-2.842732,4.249268,4.064268,0.199268,-4.083732,1.541268,2.033268,3.173268,-1.800732,6.987268,0.425268,0.423268,0.315268,-3.463732,-15.815732,-3.485732,1.237268,-0.987732,2.668268,1.718268,3.405268,0
-3.434732,6.290268,-3.155732,2.920268,3.411268,3.649268,1.059268,0.511268,6.656268,0.573268,1.817268,-4.548732,2.336268,2.162268,-5.626732,-0.050732,4.096268,1.232268,0.609268,-0.243732,8.800268,-2.306732,-3.975732,3.221268,7.693268,2.949268,-7.742732,1.442268,8.594268,3.366268,3.434268,0.006268,0
6.419268,-2.653732,2.484268,-5.934732,2.340268,9.556268,-2.586732,-5.996732,5.670268,5.982268,4.219268,5.742268,-0.325732,-1.422732,-2.821732,5.424268,-14.077732,-1.285732,-3.851732,3.265268,5.707268,0.082268,-3.143732,-3.694732,2.121268,3.250268,-5.272732,-1.125732,3.997268,-0.377732,1.884268,6.000268,0
6.638268,4.991268,3.923268,-3.392732,1.570268,0.571268,1.964268,2.018268,-2.280732,-2.747732,-3.801732,0.535268,4.206268,2.267268,-0.141732,-7.153732,9.217268,5.930268,7.538268,-2.064732,0.637268,-0.758732,-1.126732,2.052268,1.069268,2.833268,-1.575732,6.456268,-11.436732,-3.124732,6.725268,-6.995732,0
-2.593732,2.043268,14.016268,1.175268,10.331268,0.259268,-5.028732,1.845268,-1.386732,5.749268,-2.971732,3.283268,-2.874732,3.047268,6.263268,1.496268,-3.773732,-8.054732,-1.190732,-4.044732,1.430268,-3.457732,4.782268,-1.536732,-0.162732,-11.620732,-0.785732,2.783268,1.216268,-1.659732,-1.885732,0.713268,0
-0.449732,3.594268,4.308268,4.231268,-0.191732,16.070268,2.222268,2.601268,-0.696732,8.321268,3.035268,-2.933732,1.358268,-12.701732,2.633268,-0.689732,2.707268,-3.073732,5.634268,7.727268,2.028268,-2.105732,-2.924732,7.822268,5.724268,1.617268,5.808268,2.385268,4.001268,0.129268,0.530268,-1.198732,0
0.569268,5.615268,-5.915732,3.064268,0.494268,-7.227732,-7.765732,1.733268,8.193268,4.661268,2.348268,5.535268,-4.311732,-3.754732,-0.409732,1.758268,-4.047732,3.998268,9.783268,-2.453732,-7.970732,0.761268,-6.971732,-4.224732,7.367268,8.424268,-3.003732,-4.242732,0.064268,3.174268,2.168268,2.311268,0
9.883268,-0.691732,5.058268,-4.028732,1.011268,6.261268,-6.553732,3.901268,8.874268,5.234268,0.938268,7.232268,-5.201732,-2.037732,-4.717732,2.316268,-1.685732,-2.111732,-2.093732,-1.434732,3.312268,-5.228732,4.223268,-4.994732,-3.902732,2.859268,-2.075732,2.513268,0.082268,7.482268,-1.426732,-1.956732,0
-0.371732,-0.580732,-4.183732,2.123268,-1.063732,-0.342732,1.886268,-5.040732,0.672268,1.383268,3.894268,6.063268,-7.814732,4.431268,0.877268,-1.038732,3.334268,1.545268,6.234268,8.502268,1.936268,-1.434732,4.171268,3.684268,-5.774732,7.982268,1.214268,-0.989732,-7.418732,-0.526732,1.968268,-2.135732,0
0.047268,-1.245732,7.559268,-4.814732,2.053268,6.070268,0.948268,-2.468732,-2.306732,1.063268,-0.212732,17.705268,7.103268,-5.296732,22.676268,-0.728732,2.475268,2.175268,6.560268,3.055268,-1.889732,-1.963732,-6.325732,0.588268,-0.862732,3.126268,-3.901732,3.073268,1.925268,-16.107732,-4.111732,-1.097732,0
-3.317732,-7.405732,3.950268,-3.848732,-0.514732,-5.462732,-1.794732,-3.185732,8.593268,6.130268,-2.202732,2.809268,-3.881732,-1.866732,2.706268,-3.031732,-7.794732,-7.030732,6.664268,-5.892732,-1.081732,-2.797732,3.024268,4.559268,7.855268,0.173268,2.134268,-0.891732,3.611268,0.262268,4.255268,0.839268,0
-5.844732,-9.701732,0.026268,2.412268,-3.718732,2.775268,3.404268,2.464268,-4.856732,-0.538732,3.815268,3.010268,8.178268,-8.568732,2.011268,-3.019732,-0.616732,0.036268,1.604268,5.814268,-4.447732,4.100268,3.076268,6.015268,-0.295732,-1.509732,-1.628732,10.869268,-2.442732,-1.334732,5.958268,-2.073732,0
1.855268,5.392268,-4.392732,-1.759732,0.315268,5.081268,-1.216732,-2.309732,8.253268,-2.349732,7.279268,7.701268,2.522268,-2.198732,-1.408732,-1.386732,2.665268,3.308268,4.790268,5.952268,5.490268,10.612268,2.419268,5.372268,3.978268,-1.623732,8.230268,4.547268,5.032268,1.390268,-0.718732,2.933268,0
3.857268,7.190268,2.803268,-3.573732,-0.506732,1.794268,1.094268,-2.643732,3.216268,3.939268,-2.577732,1.439268,-0.307732,-1.742732,-2.466732,7.517268,1.861268,-9.008732,-1.489732,-2.938732,0.511268,-3.962732,1.139268,3.052268,2.671268,7.338268,-1.478732,7.132268,3.951268,9.697268,4.852268,-5.123732,0
-2.529732,-0.621732,0.463268,0.309268,0.034268,0.754268,8.898268,0.944268,10.442268,11.878268,5.459268,1.385268,-0.966732,0.512268,-3.606732,-1.054732,-3.009732,0.808268,0.388268,-2.891732,0.379268,0.755268,5.829268,5.051268,1.499268,6.385268,4.208268,1.804268,-7.092732,1.660268,-6.571732,4.937268,0
-2.112732,2.082268,5.777268,-2.157732,0.756268,1.998268,-20.093732,0.040268,9.727268,1.666268,1.358268,-0.165732,-1.447732,1.760268,-2.301732,10.918268,1.357268,-0.794732,-7.992732,4.828268,8.183268,9.260268,2.903268,-3.266732,-3.200732,0.999268,-8.335732,-2.383732,2.342268,-0.118732,5.206268,-1.569732,0
-1.315732,-4.192732,-2.749732,1.890268,-0.680732,-0.186732,2.616268,-9.399732,4.162268,-1.645732,3.107268,-1.098732,-5.503732,1.827268,-3.476732,-0.758732,-1.231732,3.455268,3.860268,1.335268,3.812268,-1.440732,-2.435732,-5.516732,-1.250732,-2.173732,-5.410732,1.584268,-3.531732,1.872268,4.203268,2.734268,0
4.037268,-4.739732,4.197268,-5.324732,0.915268,-0.276732,-4.811732,3.204268,0.750268,-0.604732,-1.753732,-4.946732,2.050268,-2.405732,-3.108732,4.016268,-1.109732,-2.950732,5.483268,-1.064732,0.427268,-6.805732,7.147268,7.407268,6.126268,16.481268,-0.900732,-8.357732,2.319268,3.490268,-0.999732,2.106268,0
-1.261732,6.061268,1.406268,14.882268,2.169268,5.452268,-3.753732,8.793268,5.688268,3.561268,-1.180732,7.172268,0.284268,1.660268,4.902268,5.897268,1.713268,-2.427732,-1.874732,2.218268,10.783268,-4.690732,-4.597732,2.592268,8.198268,3.445268,-2.889732,3.028268,5.230268,1.972268,3.180268,-9.323732,0
2.307268,1.380268,2.595268,7.863268,2.336268,1.713268,4.284268,-1.260732,-0.324732,-2.103732,0.271268,6.666268,-0.087732,5.031268,1.414268,4.095268,1.307268,-2.756732,2.187268,5.049268,4.428268,1.428268,-1.287732,9.044268,6.277268,6.012268,4.196268,-0.844732,5.245268,2.159268,-0.163732,3.221268,0
-2.854732,1.272268,-2.128732,1.465268,-3.672732,3.330268,8.465268,3.171268,-4.670732,3.782268,1.719268,2.292268,-1.087732,2.259268,4.688268,-0.589732,7.633268,10.170268,1.551268,-6.437732,-2.582732,0.615268,5.925268,4.276268,-2.490732,3.236268,8.874268,7.988268,12.548268,1.315268,-1.058732,-1.090732,0
0.341268,4.202268,2.937268,0.001268,-1.713732,5.140268,-0.385732,4.356268,5.525268,4.850268,-3.206732,1.037268,-11.173732,-1.769732,-4.968732,8.765268,2.342268,-3.165732,-11.158732,-8.482732,1.646268,10.566268,0.477268,3.734268,0.796268,5.048268,4.511268,1.716268,-5.518732,-0.763732,1.809268,1.652268,0
-1.639732,2.791268,-1.117732,-1.561732,5.494268,3.473268,-3.588732,9.222268,3.355268,0.552268,9.883268,2.090268,3.199268,-18.170732,-0.544732,-0.403732,2.482268,3.971268,-2.923732,5.848268,-1.654732,7.452268,0.948268,2.956268,0.204268,-0.729732,-5.626732,-3.011732,-2.941732,0.596268,0.959268,-0.585732,0
-18.017732,8.378268,3.192268,3.717268,-2.749732,-3.219732,-4.520732,5.147268,4.291268,-1.296732,3.673268,-8.811732,-1.535732,3.452268,-6.466732,3.402268,1.136268,-7.388732,3.885268,-4.659732,-0.884732,-7.294732,4.267268,-0.151732,1.103268,17.598268,6.541268,3.695268,-1.919732,5.935268,4.228268,4.723268,0
-8.065732,-1.359732,-2.671732,1.030268,3.735268,-2.605732,3.307268,4.238268,1.042268,3.740268,4.744268,8.143268,-0.491732,0.045268,-1.697732,-1.723732,6.788268,6.867268,-7.033732,5.653268,-0.411732,-9.698732,-2.129732,7.423268,-7.157732,1.619268,2.372268,6.718268,10.174268,6.616268,9.478268,1.238268,0
-3.168732,-4.129732,0.851268,-1.813732,-0.359732,-2.462732,-1.636732,-2.434732,3.127268,11.892268,1.473268,-3.420732,1.136268,-3.757732,1.916268,0.830268,-1.179732,-6.015732,9.522268,-1.164732,0.887268,6.135268,-4.966732,-6.939732,1.104268,-5.963732,-5.675732,9.666268,1.377268,-0.265732,2.605268,7.103268,0
3.505268,3.225268,-4.548732,4.865268,4.652268,5.606268,-2.392732,5.159268,3.712268,-0.652732,14.383268,3.579268,-6.736732,-5.990732,-3.792732,7.448268,7.629268,3.972268,0.411268,6.836268,9.241268,-2.437732,-3.850732,-2.478732,-12.939732,-3.385732,11.045268,9.351268,18.336268,2.490268,-2.603732,-6.312732,0
6.947268,9.041268,0.908268,3.388268,17.262268,3.697268,-0.928732,-0.034732,-0.199732,-0.375732,-1.560732,12.009268,-0.422732,-4.788732,-6.995732,3.825268,-1.593732,3.083268,9.092268,4.977268,1.872268,1.475268,2.921268,6.483268,4.043268,-2.527732,4.842268,-12.619732,8.625268,3.609268,1.018268,-1.512732,0
-1.969732,-2.886732,-0.295732,1.918268,0.769268,-9.564732,-1.113732,2.457268,4.043268,-2.289732,5.948268,-5.302732,-3.099732,3.876268,5.545268,-9.729732,-1.604732,1.404268,1.696268,5.766268,2.574268,4.165268,17.498268,1.773268,2.084268,-2.664732,6.411268,3.915268,-0.307732,-5.173732,1.795268,3.910268,0
8.680268,-0.314732,2.741268,0.484268,-0.893732,-5.314732,-5.619732,4.956268,6.302268,7.169268,12.280268,3.005268,-3.702732,0.659268,-9.663732,2.092268,-3.645732,-2.845732,-1.218732,1.277268,2.463268,-1.059732,-2.143732,-0.363732,9.816268,7.441268,3.533268,-6.809732,0.504268,-3.291732,4.786268,0.206268,0
3.546268,0.695268,-0.092732,4.124268,5.602268,-1.525732,-1.483732,-4.414732,-4.431732,-2.732732,6.950268,1.332268,2.440268,-6.379732,6.021268,-5.746732,7.581268,2.440268,5.920268,1.793268,1.611268,-5.733732,-0.150732,3.738268,1.412268,-0.828732,-1.844732,0.904268,4.152268,-0.558732,4.430268,1.499268,0
7.775268,0.703268,-5.289732,-8.842732,4.430268,-0.154732,0.506268,0.038268,-0.495732,-1.610732,-0.418732,0.951268,0.849268,5.822268,3.005268,5.890268,-2.952732,4.711268,0.524268,-1.811732,6.074268,1.027268,-5.369732,-2.164732,-13.992732,-4.579732,0.659268,3.433268,5.154268,-0.623732,1.711268,-5.193732,0
1.506268,-1.264732,3.864268,7.316268,-7.031732,-0.757732,4.222268,-6.967732,-5.052732,13.001268,-4.779732,2.750268,0.462268,-5.464732,-2.284732,-1.447732,-9.637732,4.144268,1.083268,15.240268,9.438268,5.534268,-2.707732,-1.735732,4.291268,3.937268,0.347268,0.447268,-2.614732,3.820268,4.273268,4.313268,0
4.705268,6.534268,8.515268,-3.634732,-20.641732,-6.291732,-5.427732,2.887268,0.779268,2.937268,2.300268,-1.469732,0.397268,-1.599732,3.086268,-13.931732,2.414268,-18.163732,-3.040732,4.432268,0.108268,10.087268,-6.246732,-1.848732,1.312268,2.000268,0.784268,-0.490732,-0.416732,-17.129732,4.763268,0.439268,0
6.584268,1.351268,0.930268,0.280268,5.471268,-2.038732,-4.232732,-0.957732,3.659268,5.503268,6.236268,8.462268,-1.022732,7.127268,6.432268,5.030268,1.458268,-7.547732,-2.027732,-3.055732,0.131268,6.795268,-1.227732,-1.876732,-0.192732,0.666268,0.876268,1.224268,4.106268,-3.226732,1.586268,1.771268,0
1.249268,1.450268,-1.397732,0.285268,8.009268,-1.831732,2.441268,-1.538732,-7.956732,-4.779732,-2.042732,3.469268,0.548268,-1.230732,-5.866732,-10.771732,1.879268,-4.971732,3.315268,2.684268,11.423268,1.361268,-10.727732,-4.793732,6.791268,4.338268,4.739268,1.583268,5.908268,-6.319732,0.909268,2.700268,0
3.491268,-0.360732,2.983268,-0.554732,-3.260732,-2.559732,3.024268,5.565268,-2.955732,-2.219732,1.763268,-3.407732,1.383268,2.906268,0.405268,2.756268,3.030268,-3.369732,-7.117732,-2.639732,6.126268,-0.977732,-1.022732,-6.999732,4.614268,-2.486732,2.609268,-3.010732,-5.193732,1.890268,3.353268,6.688268,0
1.868268,0.364268,5.466268,-0.746732,2.156268,5.278268,5.329268,-0.253732,6.856268,2.677268,-4.315732,1.104268,-3.424732,-4.592732,3.475268,2.385268,-0.309732,3.037268,-19.049732,-0.174732,1.643268,-3.003732,1.033268,3.885268,1.282268,2.923268,-5.541732,-1.768732,10.445268,0.535268,0.670268,3.022268,0
0.140268,-4.440732,-0.797732,3.300268,9.470268,4.356268,-3.265732,8.697268,-4.779732,-1.127732,2.284268,-5.112732,5.882268,3.270268,-4.081732,1.580268,5.011268,4.382268,-2.050732,2.753268,-3.442732,1.534268,6.081268,1.976268,-1.107732,4.570268,-1.332732,-3.611732,-2.896732,-4.771732,-3.797732,-0.867732,0
3.942268,6.906268,12.902268,-0.983732,-4.201732,0.014268,0.732268,4.767268,-0.420732,-0.221732,5.466268,2.570268,-0.473732,2.099268,2.213268,-13.557732,-9.351732,-0.182732,4.455268,-6.962732,6.274268,0.305268,7.436268,3.437268,4.995268,2.288268,-1.515732,-1.701732,-6.024732,-2.295732,8.895268,5.580268,0
3.844268,-0.649732,-1.787732,7.988268,7.675268,7.150268,-1.940732,3.695268,3.449268,-3.774732,-7.093732,-6.835732,-3.871732,2.176268,5.731268,-1.865732,-0.567732,0.507268,-4.721732,2.689268,3.459268,-1.241732,-7.509732,4.856268,-1.193732,-1.015732,0.689268,-6.490732,3.450268,5.442268,-15.554732,0.007268,0
2.741268,7.568268,-4.615732,4.368268,-2.629732,0.928268,3.189268,-3.639732,7.423268,2.625268,1.123268,1.574268,2.339268,-4.591732,13.448268,4.178268,1.722268,2.412268,-1.523732,2.594268,-3.161732,2.322268,3.576268,-2.160732,4.811268,-5.810732,6.131268,4.330268,-2.448732,3.565268,-14.152732,-1.712732,0
1.335268,0.484268,-3.936732,-2.444732,3.929268,0.308268,-3.065732,-0.200732,-1.904732,3.540268,4.563268,1.124268,2.638268,10.222268,8.193268,-7.201732,0.591268,6.183268,-1.580732,-7.505732,-0.769732,-1.518732,-0.942732,6.281268,2.536268,-2.328732,3.440268,1.422268,11.904268,1.513268,3.428268,1.539268,0
-0.244732,-4.385732,1.031268,6.219268,-3.998732,0.102268,4.317268,0.928268,4.490268,-4.043732,-1.308732,3.706268,4.071268,0.931268,2.921268,2.297268,1.618268,-6.135732,-5.622732,3.024268,0.706268,-3.434732,3.891268,4.262268,-3.373732,3.569268,4.631268,7.199268,-2.412732,-0.282732,-9.995732,2.211268,0
3.631268,-1.451732,-5.804732,5.905268,-1.710732,-3.321732,20.018268,-9.053732,-3.518732,-0.231732,6.742268,7.479268,1.688268,-1.605732,-0.425732,2.988268,5.377268,4.573268,7.819268,5.846268,1.863268,2.629268,-10.861732,-4.103732,6.046268,-3.528732,-2.653732,3.457268,-3.754732,8.148268,-7.587732,1.944268,0
-8.121732,4.995268,-1.312732,3.320268,4.702268,-4.474732,-4.441732,4.034268,0.830268,5.045268,-0.784732,-3.511732,3.595268,-4.801732,-1.753732,-4.073732,-0.667732,7.228268,6.291268,0.680268,13.846268,-13.010732,-1.549732,0.049268,3.935268,-0.088732,4.562268,0.306268,-0.316732,1.283268,-0.039732,-4.982732,0
-1.288732,-2.068732,-2.301732,-2.088732,4.013268,-0.219732,-1.858732,4.856268,6.576268,-0.315732,0.081268,-1.266732,0.170268,3.476268,-2.568732,-3.094732,1.602268,7.837268,0.713268,-1.252732,-7.075732,7.685268,1.797268,3.794268,4.179268,6.535268,-0.679732,-0.565732,-3.490732,-4.273732,-1.179732,10.260268,0
-0.588732,6.262268,-7.215732,4.016268,-1.349732,-5.828732,2.833268,4.763268,-5.199732,5.141268,2.732268,-5.235732,-2.899732,-6.577732,3.366268,-2.615732,0.832268,-6.995732,-7.172732,-9.358732,3.892268,1.901268,-4.723732,1.429268,3.480268,-5.381732,1.810268,2.348268,-3.673732,0.692268,2.767268,7.094268,0
5.133268,2.283268,0.104268,10.746268,1.952268,6.425268,-9.153732,6.474268,-1.216732,3.356268,-6.798732,3.923268,-2.000732,-7.141732,4.716268,6.268268,10.175268,-3.635732,-1.228732,3.123268,-18.198732,-4.184732,2.403268,2.121268,-2.940732,5.132268,11.327268,9.054268,1.426268,-6.247732,0.785268,-0.460732,0
7.543268,4.624268,-0.747732,3.991268,7.248268,-2.160732,-5.033732,-0.215732,0.709268,4.249268,-12.504732,-4.806732,-0.301732,-3.521732,8.487268,-8.084732,3.788268,-5.701732,-2.234732,0.786268,-2.698732,6.820268,7.912268,1.767268,4.620268,0.909268,-3.120732,-5.715732,2.047268,-8.615732,9.366268,-9.111732,0
9.283268,-3.113732,1.020268,-1.504732,-1.473732,5.825268,-0.669732,2.353268,4.531268,4.561268,22.811268,-0.515732,5.156268,-1.036732,2.019268,-1.388732,2.236268,0.295268,0.016268,-0.506732,9.154268,-3.392732,2.060268,2.499268,-2.401732,0.588268,7.033268,3.460268,1.762268,10.044268,0.166268,0.459268,0
6.162268,-1.738732,0.031268,-1.491732,3.788268,0.048268,4.132268,3.167268,-2.073732,6.569268,6.372268,-5.184732,5.136268,-6.697732,8.012268,9.170268,-1.144732,-5.261732,0.524268,-3.188732,-7.055732,-4.981732,-3.585732,7.708268,6.393268,1.561268,-5.753732,4.906268,4.326268,-1.009732,5.493268,-2.259732,0
-0.192732,-0.665732,4.043268,7.892268,-1.650732,-4.025732,0.714268,2.956268,6.203268,-2.415732,1.903268,7.893268,6.852268,-4.638732,1.348268,-0.273732,6.140268,3.459268,2.182268,-6.842732,-0.149732,6.290268,-6.822732,4.846268,2.012268,4.069268,0.359268,0.367268,4.207268,-3.366732,1.215268,-0.258732,0
6.473268,-4.412732,13.434268,-12.227732,-8.252732,2.461268,1.090268,-1.147732,3.339268,0.411268,4.742268,3.603268,-2.333732,-5.498732,7.485268,0.186268,-2.347732,3.596268,0.909268,1.670268,1.112268,-1.415732,0.461268,7.751268,-6.117732,1.180268,2.126268,-2.380732,-6.318732,6.110268,12.149268,9.282268,0
2.682268,-3.727732,4.874268,4.630268,1.596268,3.045268,2.430268,10.002268,5.579268,1.648268,9.050268,1.935268,1.553268,-2.207732,1.458268,-3.155732,1.782268,6.761268,1.814268,-19.470732,2.412268,-4.653732,-0.066732,1.566268,6.518268,-4.246732,3.395268,-7.466732,4.164268,4.747268,-0.917732,-0.926732,0
6.713268,-2.368732,-3.050732,7.860268,7.297268,1.260268,2.626268,-4.400732,3.948268,8.709268,1.025268,-7.160732,1.748268,10.773268,5.742268,0.461268,8.415268,-0.525732,8.080268,0.191268,-0.691732,3.929268,1.355268,3.950268,-3.788732,1.666268,-1.322732,6.450268,-0.977732,-2.211732,-0.947732,-4.094732,0
1.525268,2.913268,4.121268,9.946268,0.383268,7.395268,2.460268,-6.134732,0.975268,-8.465732,4.362268,2.844268,-1.053732,-1.946732,3.719268,-1.756732,3.126268,0.570268,-4.226732,3.577268,5.548268,0.998268,2.178268,2.146268,-0.308732,1.121268,6.313268,-1.569732,-7.451732,7.756268,-7.022732,-2.992732,0
10.028268,6.853268,2.414268,9.623268,2.983268,2.096268,-4.866732,6.858268,10.791268,-0.716732,6.269268,7.994268,0.202268,-1.732732,-5.197732,-1.229732,2.676268,4.796268,6.445268,5.612268,-1.161732,6.278268,-0.276732,3.255268,-2.348732,4.382268,8.197268,-3.464732,-7.240732,1.524268,-3.485732,4.367268,0
7.172268,-4.957732,0.253268,-2.351732,12.042268,-9.165732,-4.676732,-2.664732,-9.743732,7.609268,-5.874732,-1.673732,10.354268,5.157268,1.468268,4.093268,-5.744732,-0.324732,1.636268,-1.182732,2.797268,5.331268,-1.511732,1.722268,0.475268,9.581268,1.957268,2.916268,-2.127732,-2.392732,1.822268,6.069268,0
4.309268,-5.644732,0.833268,1.027268,-4.587732,-6.311732,1.454268,3.303268,-0.131732,-6.365732,3.080268,1.581268,6.074268,2.534268,-6.347732,1.651268,-3.581732,2.534268,1.548268,-7.447732,1.070268,2.412268,-0.128732,-0.539732,2.004268,-3.076732,4.833268,-4.477732,0.949268,-6.461732,-4.205732,1.927268,0
-0.487732,-3.464732,4.538268,1.400268,-2.068732,-8.299732,4.398268,-2.134732,-0.588732,0.727268,0.337268,-1.958732,-4.160732,4.618268,13.445268,8.596268,-4.746732,-3.613732,-2.062732,3.759268,0.109268,-1.267732,3.013268,8.124268,5.545268,4.829268,-16.439732,7.469268,-0.607732,2.288268,0.764268,3.950268,0
-9.477732,-6.341732,7.233268,5.551268,1.126268,-1.737732,3.938268,2.828268,2.982268,0.297268,-2.026732,7.881268,-0.794732,-9.772732,-7.131732,0.838268,-7.220732,6.706268,-4.361732,6.398268,-1.310732,-3.661732,5.826268,-7.493732,0.491268,-6.727732,1.812268,-2.264732,2.377268,7.664268,2.268268,-0.908732,1
-1.733732,-1.313732,-4.679732,-10.741732,-4.255732,2.079268,3.117268,-5.600732,1.978268,1.454268,-1.749732,-0.340732,2.752268,-2.474732,3.386268,-7.407732,1.331268,-2.249732,2.415268,-0.322732,1.322268,-0.407732,-1.736732,4.424268,0.927268,2.079268,-8.381732,-6.192732,-6.275732,-6.234732,-3.294732,-0.977732,1
0.098268,1.036268,-0.417732,-1.753732,5.052268,2.819268,-9.144732,-1.149732,-8.550732,5.348268,-8.029732,-0.737732,-0.169732,-3.236732,2.681268,1.904268,-3.387732,0.941268,-0.025732,-5.229732,-2.891732,0.833268,-7.665732,0.719268,1.485268,-2.992732,1.715268,-5.735732,-7.444732,-0.746732,-1.707732,1.658268,1
-14.782732,1.000268,-8.147732,-0.216732,5.797268,6.227268,0.751268,-16.887732,-1.052732,3.348268,-2.175732,4.158268,7.670268,-3.592732,-2.254732,-7.613732,1.192268,0.800268,-1.856732,-5.826732,5.021268,-3.687732,2.376268,2.535268,0.419268,-1.033732,-6.722732,-0.513732,4.894268,0.022268,-12.594732,-3.848732,1
-7.145732,-11.758732,6.647268,-0.592732,1.742268,-6.164732,-2.255732,7.866268,-1.567732,1.819268,1.491268,-2.740732,-3.522732,0.289268,10.372268,-6.102732,3.861268,0.639268,0.446268,-5.790732,5.037268,-1.095732,0.289268,5.336268,-7.313732,-5.268732,0.073268,-4.164732,0.713268,-3.276732,7.190268,-7.891732,1
-0.379732,5.250268,-2.420732,1.941268,-7.767732,-1.261732,-3.640732,-10.194732,-5.920732,-0.636732,2.821268,3.771268,-3.215732,-1.628732,-0.016732,-3.125732,3.692268,-2.754732,-11.668732,-5.965732,-3.232732,3.595268,-11.663732,3.476268,-5.413732,-4.822732,-8.704732,-5.589732,2.216268,-3.466732,-5.726732,0.138268,1
1.940268,-8.444732,-4.492732,-3.042732,-1.076732,1.016268,-4.284732,-5.861732,-13.951732,3.525268,-1.834732,-4.415732,-3.397732,-5.045732,-3.697732,-5.705732,-3.839732,-2.257732,3.611268,2.969268,3.299268,2.880268,3.100268,0.324268,-1.037732,-0.774732,-10.638732,-4.106732,6.446268,5.037268,-2.387732,-0.454732,1
5.334268,1.629268,2.018268,2.963268,2.149268,-0.601732,3.831268,-2.824732,2.574268,-4.050732,0.014268,-2.054732,-0.974732,2.423268,-2.022732,-3.860732,5.025268,-2.372732,3.321268,9.542268,-0.271732,-3.927732,-1.955732,6.164268,6.963268,-10.028732,5.859268,3.418268,-5.782732,11.549268,-3.268732,3.025268,1
-3.632732,0.263268,3.787268,13.063268,3.938268,1.256268,-5.613732,4.410268,-2.781732,-8.438732,4.914268,-6.606732,-2.685732,-5.464732,7.425268,-0.985732,1.827268,-3.753732,-3.142732,-1.981732,-6.970732,-6.659732,-8.134732,3.184268,-3.353732,1.322268,0.845268,-2.897732,2.366268,0.082268,-1.549732,-0.501732,1
-5.891732,2.579268,6.656268,2.098268,-1.934732,-5.677732,0.885268,1.737268,4.741268,1.893268,4.903268,-3.508732,-2.894732,-1.602732,3.668268,3.558268,7.317268,-6.204732,1.579268,-4.659732,-7.025732,-1.589732,-7.350732,-4.293732,-3.662732,1.724268,-2.648732,-7.531732,-6.741732,0.832268,-1.060732,-8.815732,1
2.173268,2.595268,-0.149732,-2.562732,-4.681732,6.084268,-0.186732,-4.973732,-2.036732,3.544268,-5.328732,5.962268,-2.774732,-0.022732,5.847268,-0.216732,4.968268,8.085268,1.621268,5.395268,-3.438732,-1.149732,2.127268,-8.628732,5.133268,-5.794732,1.341268,0.403268,-5.100732,-4.984732,-4.080732,-5.790732,1
-1.891732,0.220268,-6.689732,-5.164732,0.411268,-2.871732,2.713268,-0.014732,-0.738732,1.618268,-8.034732,2.229268,-4.119732,-1.431732,0.093268,8.619268,-1.382732,7.591268,-5.536732,2.357268,0.326268,-2.373732,-4.942732,2.358268,-0.261732,-7.885732,-3.998732,5.205268,2.022268,1.893268,2.020268,-8.605732,1
4.467268,0.880268,-6.905732,-1.314732,-0.277732,0.492268,2.858268,0.931268,-5.795732,-6.340732,9.076268,-3.016732,-0.726732,-12.021732,0.883268,6.645268,2.318268,-3.023732,-1.472732,8.030268,-0.182732,-2.637732,-2.149732,-0.437732,-1.162732,3.816268,-1.397732,-0.520732,-3.600732,-7.285732,0.939268,-0.864732,1
-1.514732,6.939268,-2.924732,-3.725732,1.633268,0.050268,-3.657732,-2.963732,-1.226732,-0.066732,1.089268,0.137268,-0.171732,5.338268,0.175268,-2.340732,-0.886732,-4.120732,0.454268,0.399268,-2.758732,2.272268,0.630268,-3.054732,2.499268,10.676268,1.034268,-1.956732,3.103268,1.617268,-3.685732,1.977268,1
4.579268,0.031268,1.733268,6.978268,-1.817732,-4.863732,8.948268,-4.048732,8.540268,-9.294732,-13.945732,-1.474732,-1.410732,5.387268,-0.849732,-6.650732,-2.095732,-1.435732,-4.940732,0.937268,-2.489732,-4.876732,1.173268,-4.017732,3.455268,5.137268,-0.221732,-7.445732,-5.780732,2.359268,-17.463732,9.214268,1
2.032268,-5.054732,-2.322732,-6.178732,2.167268,2.220268,-1.359732,-1.818732,0.172268,-1.197732,0.634268,-2.015732,6.835268,-1.088732,0.977268,2.659268,-1.486732,3.743268,0.330268,5.742268,-7.497732,-1.349732,7.394268,-8.688732,-0.128732,-5.122732,1.221268,-3.892732,-1.083732,0.224268,-9.539732,-3.649732,1
-1.375732,-0.172732,-4.773732,-4.358732,-2.685732,0.030268,-4.543732,5.411268,2.355268,6.946268,3.491268,-1.916732,-2.860732,-11.872732,-0.874732,2.850268,-5.748732,-3.120732,5.164268,-1.690732,-6.174732,-2.294732,2.595268,-1.753732,3.648268,-3.847732,-2.175732,-1.032732,-4.175732,7.736268,6.210268,-10.087732,1
0.732268,-0.442732,0.784268,-6.629732,-2.612732,-3.821732,-7.236732,5.038268,2.382268,-7.052732,-9.332732,-3.741732,1.320268,-14.131732,0.475268,-8.642732,-4.166732,0.314268,4.784268,-1.705732,0.032268,-2.597732,-5.119732,6.459268,-9.841732,-3.990732,-1.923732,-2.756732,-0.017732,-1.248732,0.315268,-1.795732,1
-3.319732,1.535268,3.047268,-5.548732,2.123268,3.103268,-8.675732,1.705268,-5.733732,-0.786732,-6.502732,-2.580732,-8.222732,-0.541732,-2.010732,-2.944732,5.617268,-3.390732,3.744268,-3.231732,-20.512732,-1.131732,1.408268,0.756268,-8.231732,-2.190732,-2.306732,-4.971732,0.606268,-5.286732,-6.175732,1.914268,1
-3.117732,-7.807732,0.307268,3.902268,-4.601732,0.549268,-3.094732,-7.200732,-8.299732,-7.281732,-0.386732,-2.193732,3.839268,-0.839732,0.871268,1.517268,-4.507732,0.324268,1.258268,5.146268,0.243268,-3.535732,-4.390732,-6.062732,-9.468732,-8.235732,7.376268,3.897268,5.729268,-3.256732,-2.583732,-1.999732,1
0.505268,7.586268,4.060268,-8.756732,-1.354732,-6.974732,-0.841732,2.859268,-6.076732,-3.968732,5.041268,-5.993732,-5.938732,-2.688732,-2.614732,-2.532732,-0.387732,-6.854732,-10.778732,-8.331732,-1.708732,-2.527732,5.008268,-4.445732,1.005268,-5.057732,-0.845732,-5.150732,-4.195732,1.648268,-5.921732,5.377268,1
-0.156732,-2.089732,-10.799732,-16.306732,-0.840732,-4.737732,10.058268,-10.501732,4.115268,-9.666732,-2.765732,2.743268,-3.735732,-2.712732,-3.010732,-7.598732,-1.988732,2.129268,-0.277732,-3.451732,-1.133732,-1.616732,6.302268,3.365268,2.330268,-5.857732,0.856268,-2.395732,-5.441732,-1.463732,-3.618732,2.861268,1
-3.074732,2.451268,-1.863732,-8.606732,0.628268,-2.736732,0.849268,-3.845732,-3.210732,-3.060732,0.011268,7.462268,-3.839732,2.897268,-4.981732,-10.449732,-3.696732,-1.921732,3.306268,-9.115732,-2.506732,0.117268,-1.339732,-4.188732,-5.917732,1.803268,-3.476732,-1.326732,3.871268,-0.154732,0.173268,-5.717732,1
-6.453732,4.026268,8.707268,1.296268,0.785268,0.741268,-2.278732,-6.034732,-2.235732,-2.958732,-3.534732,2.277268,-5.767732,6.739268,1.183268,-1.691732,-0.960732,-1.087732,2.738268,4.737268,0.511268,-6.181732,-1.595732,-0.462732,-5.733732,-4.932732,5.790268,-9.356732,0.246268,3.151268,-0.345732,-0.039732,1
-4.615732,0.495268,-4.101732,-2.782732,-3.789732,1.203268,5.047268,-3.887732,-3.009732,-0.054732,5.670268,-5.149732,-7.858732,16.072268,4.912268,0.448268,-1.280732,0.914268,-5.323732,-2.997732,5.728268,-3.460732,-5.503732,-4.817732,-1.229732,-11.500732,-0.393732,2.512268,5.278268,-3.752732,0.669268,0.990268,1
1.620268,3.590268,-3.732732,-21.484732,0.308268,3.836268,2.517268,2.370268,-0.309732,-0.001732,5.074268,-0.583732,4.224268,-7.215732,-9.072732,-8.374732,0.759268,2.406268,-1.957732,-2.059732,-10.899732,-0.443732,1.564268,-6.791732,1.856268,3.044268,4.980268,-4.576732,-3.987732,-0.432732,-3.770732,9.537268,1
0.744268,-7.144732,-0.888732,-3.554732,-0.822732,-0.156732,1.072268,-1.261732,0.218268,-3.904732,3.786268,0.129268,7.653268,-2.625732,-1.308732,2.638268,1.113268,-0.604732,-2.623732,-1.460732,3.210268,2.295268,-2.080732,1.253268,-1.977732,-4.942732,-4.517732,-1.188732,-3.493732,5.233268,3.700268,1.455268,1
4.183268,3.551268,-20.837732,-5.175732,-3.673732,0.251268,-1.750732,-10.224732,-6.549732,-3.772732,-0.635732,11.240268,-3.124732,3.603268,-7.117732,-0.029732,-1.373732,-0.808732,0.918268,-4.673732,7.397268,-3.545732,-5.808732,4.066268,-1.782732,2.576268,2.280268,-5.826732,4.304268,-8.050732,4.078268,-4.861732,1
5.384268,-0.515732,-7.486732,1.069268,-1.358732,0.050268,-4.879732,-6.598732,-8.995732,-0.624732,-0.074732,-7.667732,-0.275732,-1.536732,2.730268,0.999268,-2.731732,-9.985732,2.516268,2.197268,-0.788732,-10.612732,-5.235732,-6.624732,2.294268,0.768268,1.839268,2.694268,-6.614732,5.328268,3.421268,6.138268,1
5.831268,7.441268,1.542268,1.282268,0.089268,7.661268,2.238268,7.837268,-5.000732,0.332268,-4.993732,7.085268,-3.218732,5.907268,-0.306732,2.366268,-2.186732,-6.305732,-5.453732,-0.115732,0.782268,2.984268,-2.403732,-1.920732,5.922268,-4.193732,-6.677732,4.313268,-3.826732,2.370268,3.776268,6.779268,1
-7.019732,-2.635732,-5.457732,-6.458732,-6.562732,-1.391732,0.398268,6.142268,1.049268,-3.617732,1.654268,-5.388732,-20.371732,-3.159732,-17.275732,-2.228732,6.407268,-0.753732,-3.589732,2.009268,1.226268,-2.590732,9.330268,-16.912732,-10.090732,-6.520732,1.613268,-1.101732,-0.152732,-2.101732,1.908268,-6.437732,1
-7.624732,-0.400732,1.063268,-3.920732,3.631268,3.372268,-4.767732,-7.834732,-4.621732,0.276268,-6.155732,0.898268,1.354268,-3.368732,0.125268,0.647268,5.836268,-2.166732,-6.315732,-1.084732,-2.425732,-7.933732,-2.935732,-5.891732,-3.504732,-0.220732,-1.615732,5.138268,1.900268,-0.962732,-5.380732,9.892268,1
-0.344732,-6.740732,-5.722732,-4.816732,8.228268,-2.614732,-0.194732,-3.363732,-4.889732,0.725268,-3.644732,3.985268,-4.639732,-4.957732,-9.128732,4.321268,10.136268,1.171268,-1.644732,-5.560732,-0.877732,4.986268,-1.560732,0.036268,-0.210732,7.250268,0.028268,-5.999732,-8.657732,-0.322732,-1.887732,-6.965732,1
-0.915732,1.978268,1.831268,-0.067732,-1.699732,7.205268,2.663268,-0.726732,-2.007732,-1.353732,-1.516732,5.800268,2.061268,-3.783732,11.026268,-4.919732,-3.605732,0.621268,-2.841732,-7.206732,1.232268,-5.324732,-8.782732,-2.615732,1.606268,-4.760732,-4.884732,-0.145732,1.320268,1.883268,-1.059732,-7.464732,1
-1.022732,0.664268,4.484268,1.885268,3.536268,-0.985732,-5.665732,2.413268,-3.227732,-0.670732,3.122268,2.609268,7.396268,4.109268,4.715268,-3.109732,-8.001732,-7.691732,2.869268,1.051268,0.510268,0.155268,-5.646732,-2.228732,0.988268,8.843268,-5.760732,0.572268,-0.140732,-0.327732,-2.484732,16.795268,1
-6.262732,-5.362732,2.326268,-1.132732,0.901268,4.988268,0.672268,1.918268,-2.305732,-8.158732,-2.517732,1.392268,1.276268,-4.397732,-11.183732,-6.320732,1.674268,-0.397732,-6.115732,8.458268,-0.493732,7.397268,-4.635732,-2.557732,1.748268,-4.751732,-1.849732,4.171268,-5.451732,-2.407732,-8.088732,3.073268,1
-2.139732,0.481268,0.158268,1.369268,1.810268,-5.289732,-1.977732,-1.735732,2.637268,-0.245732,-2.320732,-8.490732,-5.290732,-1.120732,-0.109732,-4.838732,-0.316732,-4.738732,-1.026732,0.535268,-1.078732,6.605268,1.444268,-6.001732,-2.214732,1.247268,7.150268,0.501268,-2.206732,-3.509732,0.227268,-1.321732,1
4.201268,-2.504732,-3.927732,-2.770732,5.250268,-0.802732,-0.050732,-7.723732,4.263268,4.678268,2.975268,-1.757732,-1.246732,-0.915732,-1.943732,-1.616732,-6.384732,3.543268,-2.736732,-2.329732,-4.107732,-7.787732,-4.417732,5.579268,2.635268,-2.777732,-4.933732,2.297268,-2.758732,0.477268,2.382268,3.835268,1
0.155268,3.493268,4.845268,12.918268,3.124268,1.935268,4.208268,5.194268,-1.772732,8.602268,4.180268,-8.389732,2.378268,-4.562732,-1.001732,2.514268,-2.923732,2.530268,2.734268,0.305268,4.345268,4.013268,-5.579732,-4.308732,1.871268,-18.365732,-2.896732,0.548268,-2.111732,1.585268,-5.091732,-7.178732,1
2.608268,-6.620732,5.534268,-1.554732,0.066268,-5.499732,-3.951732,-5.228732,-0.036732,0.889268,-2.720732,-6.622732,5.816268,-6.157732,-0.875732,6.126268,-3.647732,1.960268,-1.388732,-1.074732,-4.003732,1.843268,-19.441732,3.052268,0.975268,1.426268,-1.817732,0.114268,4.156268,-2.215732,1.454268,-4.797732,1
2.515268,10.198268,-0.927732,-2.024732,7.115268,1.861268,-4.709732,6.458268,-0.052732,-7.061732,4.587268,-7.698732,5.762268,-4.156732,0.209268,7.260268,-8.107732,-3.067732,-6.243732,1.154268,-7.008732,-4.562732,2.175268,1.285268,3.411268,-4.810732,-2.560732,-2.567732,-0.464732,2.836268,-2.959732,-4.736732,1
-6.739732,-0.791732,-4.771732,-0.387732,-0.653732,-8.958732,1.036268,-6.868732,1.552268,-7.808732,-0.912732,-5.701732,3.073268,4.193268,0.504268,0.531268,2.125268,-0.503732,10.419268,-0.739732,-0.099732,-2.784732,-3.750732,7.312268,1.089268,-3.622732,4.957268,-2.345732,-2.072732,-2.477732,-3.157732,-1.333732,1
-4.515732,-3.756732,-7.068732,4.630268,-7.769732,-10.477732,4.539268,3.198268,-5.045732,-0.084732,-2.636732,0.541268,-0.066732,-9.774732,-9.099732,3.634268,2.463268,-7.479732,2.433268,1.342268,-0.616732,-8.617732,-0.111732,-7.339732,-9.205732,-0.382732,-5.037732,3.929268,-6.111732,-2.416732,3.756268,-8.740732,1
2.977268,-2.645732,2.744268,-1.102732,-4.675732,7.472268,-2.417732,-2.806732,-5.590732,-1.631732,-4.737732,0.598268,-1.896732,-0.986732,-2.602732,-2.565732,6.097268,-1.828732,-8.686732,-0.748732,-4.509732,-0.149732,-2.514732,18.329268,-7.157732,3.574268,-4.521732,-6.328732,-1.726732,-1.879732,3.359268,-0.583732,1
-1.621732,4.429268,-4.394732,4.689268,-3.686732,0.790268,-3.728732,5.535268,-3.029732,1.247268,-1.178732,8.453268,-10.461732,-3.684732,-19.355732,1.139268,-2.483732,2.028268,-2.942732,-2.237732,-3.736732,-0.628732,-4.648732,-20.144732,-3.983732,-7.032732,-0.483732,-1.378732,2.763268,-3.976732,14.947268,-4.517732,1
5.355268,2.586268,-0.028732,-4.724732,-8.918732,1.892268,-1.816732,-4.155732,1.962268,-8.493732,7.634268,-7.922732,5.328268,7.349268,-8.189732,-4.778732,3.025268,1.230268,-5.366732,1.530268,2.768268,3.074268,1.417268,4.453268,0.185268,-6.010732,0.983268,-1.302732,-2.661732,3.747268,-11.016732,-6.834732,1
-5.548732,-7.915732,2.263268,-0.010732,3.182268,0.264268,3.090268,-2.689732,-0.106732,0.464268,-2.672732,-3.466732,0.052268,4.992268,3.875268,-10.452732,-4.407732,-2.686732,-1.994732,4.867268,2.661268,1.927268,-5.000732,3.858268,-3.457732,-13.805732,4.846268,-1.303732,-6.565732,2.233268,1.829268,-4.130732,1
-4.517732,-2.438732,-6.027732,-4.883732,-9.761732,-0.780732,-0.811732,1.231268,-0.972732,-1.325732,2.539268,2.455268,1.577268,-3.736732,2.535268,-0.425732,-3.239732,-4.993732,1.650268,-3.549732,10.747268,-0.096732,-7.179732,1.429268,-2.711732,9.762268,3.189268,3.752268,1.145268,-3.240732,-9.647732,-8.767732,1
-6.445732,5.144268,-1.980732,4.172268,1.026268,2.575268,1.698268,-1.219732,0.289268,-4.378732,2.235268,3.491268,1.120268,-3.700732,-4.710732,-6.167732,-4.524732,1.605268,3.197268,-9.615732,-8.779732,-1.710732,-5.806732,-2.868732,-2.270732,9.706268,1.512268,1.862268,3.195268,-1.993732,0.679268,0.793268,1
6.267268,-0.912732,1.341268,1.207268,-7.897732,-4.060732,-8.706732,2.234268,-0.498732,3.964268,18.815268,-1.295732,5.387268,-0.419732,-0.693732,-6.397732,2.086268,-3.438732,2.136268,-12.745732,3.300268,-15.275732,-3.833732,-5.060732,0.351268,-3.625732,-0.898732,-1.616732,-4.749732,-2.454732,-6.200732,-2.887732,1
10.260268,5.699268,-11.007732,-1.969732,3.297268,0.860268,-3.610732,3.952268,3.312268,-5.632732,-4.076732,3.019268,-1.192732,-1.314732,4.905268,1.438268,-13.203732,-3.460732,3.874268,-1.271732,-2.858732,2.097268,3.865268,-3.024732,-3.763732,1.678268,-3.777732,-0.871732,-6.738732,-1.770732,4.233268,6.367268,1
-3.270732,-8.880732,-1.793732,4.210268,-3.741732,2.814268,-6.238732,-3.256732,0.561268,-5.531732,-0.832732,-2.228732,-7.440732,7.387268,-2.851732,4.222268,16.916268,5.097268,1.323268,-0.434732,-2.297732,-5.868732,4.813268,4.882268,-3.054732,8.420268,0.087268,-0.229732,-4.309732,-6.329732,2.865268,1.246268,1
-0.571732,-1.150732,0.798268,3.265268,3.804268,-1.559732,-3.736732,-2.139732,-4.380732,-0.483732,-1.229732,-2.213732,1.710268,-1.366732,-7.506732,1.122268,5.284268,-2.074732,-2.372732,6.480268,-5.650732,-1.664732,-4.303732,-1.953732,-3.787732,-5.775732,5.488268,0.912268,2.331268,0.602268,-4.663732,-0.680732,1
-2.897732,-7.237732,-2.998732,-6.367732,-4.925732,13.607268,0.565268,-8.296732,5.923268,7.421268,0.655268,-20.386732,-3.844732,3.062268,3.223268,1.006268,-4.140732,3.807268,-3.085732,2.612268,-0.373732,2.519268,-0.932732,5.916268,1.080268,-4.822732,-1.881732,-0.831732,4.686268,1.016268,-5.557732,2.207268,1
3.261268,0.190268,-0.067732,3.793268,-4.072732,-1.862732,-1.662732,-0.397732,-13.760732,4.078268,-1.673732,-6.601732,-0.910732,-4.135732,3.764268,0.434268,-1.655732,-0.158732,2.146268,-2.874732,1.569268,11.889268,-4.885732,0.984268,-2.945732,-6.811732,-0.293732,-3.355732,-5.091732,1.118268,6.767268,-4.460732,1
0.867268,-5.776732,-1.027732,-0.916732,0.314268,-1.423732,2.472268,-6.473732,-4.156732,-0.151732,2.921268,0.949268,4.937268,-0.594732,1.284268,-7.024732,1.523268,-7.220732,5.806268,2.611268,-0.740732,-2.694732,-3.347732,-3.732732,-6.403732,2.092268,-3.813732,6.723268,2.624268,2.696268,-4.749732,0.551268,1
-8.630732,-7.613732,8.106268,20.488268,0.843268,-5.513732,0.447268,-5.632732,-7.653732,-3.058732,1.462268,-3.542732,1.212268,-3.630732,-0.930732,-9.768732,5.783268,6.352268,2.657268,7.242268,-1.021732,3.783268,1.998268,0.494268,-1.436732,-0.738732,-2.657732,2.866268,3.187268,-3.626732,-0.102732,-3.722732,1
-1.269732,4.055268,5.063268,-3.033732,-2.259732,3.639268,-11.514732,-4.054732,-7.692732,0.076268,-0.725732,-0.082732,7.596268,1.742268,-3.510732,-0.954732,-3.363732,-9.003732,-1.903732,-2.113732,-6.368732,-9.411732,0.653268,-7.071732,-5.180732,1.176268,-2.556732,13.535268,2.408268,6.505268,1.567268,-4.719732,1
-6.001732,-2.507732,-8.813732,-0.051732,-1.880732,-2.237732,1.431268,-0.045732,-6.686732,-1.918732,0.939268,0.028268,-2.917732,-0.430732,-2.664732,-3.225732,-1.480732,-5.014732,10.821268,-0.042732,8.485268,7.872268,-0.912732,-7.069732,5.248268,-1.370732,-3.233732,1.593268,1.850268,-8.644732,-10.157732,-5.032732,1
-1.751732,0.818268,-2.488732,-6.445732,-2.712732,-5.652732,4.032268,1.197268,4.748268,-3.041732,0.522268,-0.799732,4.184268,-8.774732,-8.673732,-9.067732,-1.543732,1.413268,-6.184732,2.382268,10.077268,3.740268,-4.364732,-6.045732,-3.551732,4.860268,-0.095732,-0.015732,-4.391732,3.859268,-4.022732,6.731268,1
-1.185732,0.543268,3.437268,1.840268,7.134268,7.826268,3.651268,-1.047732,-6.035732,-0.893732,-10.000732,-5.375732,-3.673732,-2.798732,2.573268,-3.033732,-1.686732,9.116268,-7.054732,2.792268,-1.295732,-3.105732,0.827268,1.147268,-5.338732,1.403268,2.976268,-1.219732,-1.624732,3.131268,-11.609732,1.881268,1
15.112268,1.312268,5.251268,-11.051732,-2.790732,-5.744732,6.512268,-9.324732,5.969268,-2.200732,4.563268,3.680268,-3.024732,-1.830732,5.842268,-1.649732,-4.415732,1.288268,-2.386732,-3.363732,-6.364732,2.898268,-1.891732,0.313268,1.044268,-0.626732,-0.870732,-6.526732,6.199268,-0.117732,2.316268,-1.365732,1
5.695268,1.289268,-9.053732,-0.351732,0.187268,-5.471732,6.658268,-0.918732,1.973268,-5.165732,-4.408732,0.398268,-6.924732,-1.488732,1.530268,6.164268,-2.011732,2.003268,-4.453732,-6.074732,-9.017732,-1.605732,-4.146732,-7.228732,2.307268,2.170268,1.051268,-1.817732,-7.365732,1.757268,3.627268,0.821268,1
0.704268,1.271268,1.310268,-5.579732,3.555268,-1.519732,-6.775732,-4.980732,5.956268,6.813268,10.374268,1.721268,20.483268,-1.502732,-0.850732,-0.999732,0.478268,-9.820732,-4.573732,0.114268,-3.721732,0.475268,2.395268,-3.433732,4.608268,-6.270732,-4.494732,-6.590732,6.531268,4.730268,2.691268,-1.908732,1
-5.177732,-5.903732,0.245268,-4.962732,0.653268,-4.665732,-3.000732,-4.895732,-1.480732,-4.031732,-5.068732,-2.166732,6.413268,2.883268,-2.858732,-8.369732,-1.558732,-3.428732,1.255268,-8.555732,1.058268,1.890268,1.093268,-0.888732,-5.959732,-0.366732,-3.783732,3.922268,-7.184732,-3.062732,8.140268,1.446268,1
0.687268,-1.426732,3.161268,-0.386732,-0.318732,-3.814732,-8.199732,-0.620732,-1.415732,4.168268,-8.157732,-1.747732,2.118268,-5.072732,2.370268,-8.363732,-3.006732,2.498268,2.337268,5.099268,5.816268,5.030268,6.208268,3.816268,3.425268,-1.957732,7.521268,-3.092732,4.493268,1.639268,-1.450732,-8.038732,1
-4.067732,7.250268,2.404268,-0.307732,-3.158732,4.527268,0.759268,-1.028732,-5.214732,5.601268,-0.447732,-2.076732,1.312268,-4.359732,-2.755732,4.493268,2.227268,10.105268,2.978268,-4.898732,4.618268,-2.493732,-2.685732,2.196268,7.425268,0.461268,-7.167732,-4.045732,-4.427732,-3.549732,3.936268,-0.768732,1
-0.350732,-3.752732,1.218268,-4.402732,0.438268,-5.887732,-3.944732,-4.982732,-3.174732,-6.121732,-3.266732,2.305268,-1.509732,-8.485732,-4.375732,-11.263732,3.968268,0.115268,1.268268,-4.543732,-0.558732,-0.039732,-8.952732,-0.181732,4.198268,15.344268,-5.726732,-0.673732,-3.634732,5.783268,-2.551732,-0.462732,1
-12.420732,5.010268,-0.965732,-0.586732,-6.597732,3.113268,-0.808732,-4.119732,-1.441732,-11.026732,-2.905732,2.270268,-5.996732,-6.517732,3.328268,-5.004732,-1.213732,2.040268,20.109268,3.272268,-3.541732,-6.214732,-0.404732,-6.988732,-3.828732,-1.299732,-4.961732,-1.009732,2.985268,5.290268,-6.703732,-1.174732,1
-2.048732,-4.261732,-4.704732,-20.404732,-3.502732,0.525268,10.374268,6.604268,-1.687732,-1.169732,-5.049732,-1.813732,-0.666732,-3.145732,1.500268,-5.457732,2.337268,1.471268,-4.504732,-0.734732,12.923268,2.245268,0.877268,-2.117732,11.405268,-0.827732,8.550268,7.394268,7.771268,3.470268,-3.904732,5.766268,1
9.213268,-0.529732,0.259268,-4.995732,-2.574732,-1.640732,-6.811732,-6.382732,5.891268,-0.484732,-4.175732,6.225268,-1.105732,-4.258732,-2.680732,2.330268,8.153268,-2.129732,0.210268,8.301268,-0.849732,-1.821732,1.056268,1.623268,-3.861732,-0.313732,-2.001732,-4.015732,3.478268,0.737268,0.996268,-3.587732,1
-5.402732,1.327268,-0.830732,3.202268,-4.525732,-6.414732,-6.845732,-10.547732,1.885268,-5.979732,-1.458732,-1.232732,-3.329732,5.408268,-10.559732,-6.658732,19.422268,1.618268,-1.720732,9.103268,-0.036732,3.832268,-5.088732,-2.009732,-0.415732,-6.151732,5.950268,-4.986732,0.807268,-6.074732,7.123268,-6.537732,1
-0.178732,-4.799732,-2.085732,0.583268,0.655268,-0.212732,-4.504732,-7.326732,1.893268,0.638268,-11.107732,3.152268,-0.506732,0.904268,3.763268,-1.338732,-4.098732,9.541268,-2.660732,-0.261732,-0.881732,-2.562732,-0.395732,-2.549732,-2.163732,1.929268,19.358268,6.376268,6.091268,1.690268,-3.556732,-5.072732,1
6.562268,-2.182732,-6.548732,5.428268,3.165268,3.538268,-5.350732,1.404268,1.351268,-3.163732,-1.236732,1.106268,-3.186732,6.470268,-5.219732,2.840268,1.894268,-0.677732,-2.789732,-5.697732,-0.842732,3.432268,0.700268,-2.175732,1.816268,0.738268,0.650268,0.528268,5.459268,0.472268,0.253268,4.139268,1
-6.106732,2.691268,-2.577732,-3.132732,-4.348732,-1.961732,-4.386732,-8.768732,-5.382732,-0.625732,6.731268,-2.530732,-2.429732,-1.623732,-6.610732,0.895268,3.611268,-4.649732,-1.071732,5.193268,-9.214732,-0.325732,4.149268,-1.391732,-5.199732,5.957268,4.442268,-0.725732,-4.202732,-4.640732,-9.654732,-7.149732,1
-1.887732,-4.499732,-0.304732,-2.998732,-2.673732,5.263268,-0.122732,-5.466732,4.342268,3.002268,-1.354732,0.196268,0.776268,7.595268,11.884268,-1.857732,-0.973732,2.325268,-1.639732,-0.447732,-0.256732,5.860268,0.045268,3.891268,-7.528732,7.020268,6.170268,-7.430732,-5.120732,4.535268,-2.646732,0.142268,1
0.162268,3.319268,4.173268,-1.417732,0.407268,-8.233732,7.679268,2.085268,-2.615732,5.085268,-0.757732,0.079268,-4.807732,-3.134732,-1.391732,-1.487732,-1.049732,-4.244732,1.689268,-5.244732,0.528268,-4.208732,-0.824732,1.976268,-1.339732,-7.083732,-8.626732,4.232268,3.134268,-5.638732,-3.529732,2.971268,1
-3.132732,2.101268,-7.910732,-3.511732,-2.187732,5.603268,-3.428732,-6.714732,-5.863732,-2.906732,-0.573732,17.231268,0.706268,-5.939732,2.734268,4.005268,-3.324732,5.349268,-4.052732,3.954268,-5.001732,2.428268,-4.479732,2.503268,-5.189732,1.518268,-8.827732,-1.637732,-3.301732,-1.511732,1.374268,-4.411732,1
-3.087732,-1.644732,-22.648732,0.455268,-1.360732,-6.435732,-0.217732,0.354268,-8.741732,-6.666732,-2.338732,-2.450732,-3.309732,2.171268,-17.961732,-2.504732,1.066268,-4.542732,6.408268,-9.584732,2.838268,-1.579732,-8.973732,0.022268,2.235268,1.167268,3.866268,-5.256732,-6.858732,-2.420732,1.673268,6.378268,1
3.325268,4.415268,0.150268,5.062268,-7.131732,2.200268,-0.365732,6.936268,-7.910732,7.080268,-1.291732,-8.713732,-3.995732,2.250268,1.479268,-2.741732,-4.925732,-1.818732,-1.718732,-2.942732,-3.396732,-2.749732,0.923268,-6.855732,2.464268,3.449268,-2.007732,1.855268,-10.052732,-3.004732,-1.770732,-4.899732,1
-3.372732,2.915268,-7.245732,-3.045732,8.387268,2.942268,2.516268,4.840268,-1.073732,0.273268,-1.204732,-10.007732,-2.339732,-0.170732,-19.625732,-3.458732,-5.235732,0.845268,4.790268,1.005268,6.601268,-0.604732,-4.704732,3.979268,-2.360732,1.096268,15.239268,0.217268,-1.117732,-0.075732,-1.788732,-5.707732,1
-13.027732,0.113268,-0.170732,-2.402732,-4.961732,3.540268,-0.278732,1.401268,1.263268,-8.176732,-11.371732,3.200268,-2.791732,8.679268,-12.387732,-17.013732,0.087268,3.702268,-3.444732,-6.800732,3.289268,-2.455732,-6.932732,2.352268,3.671268,-2.750732,-6.074732,-9.222732,-2.504732,5.987268,-7.656732,6.067268,1
-1.443732,2.757268,-3.335732,-2.243732,-11.102732,-0.497732,-4.103732,0.545268,4.823268,-0.195732,-7.010732,-0.619732,-6.417732,-0.828732,-1.621732,7.053268,7.106268,-0.685732,-2.113732,3.714268,-0.368732,2.305268,-1.124732,-2.600732,1.934268,-3.682732,-8.008732,-4.471732,-3.080732,-0.100732,-2.123732,-6.675732,1
-3.877732,1.002268,0.024268,4.318268,-2.504732,-0.998732,-0.629732,2.168268,-7.303732,-0.769732,4.810268,3.898268,1.360268,7.520268,-3.803732,6.508268,3.228268,-5.377732,-4.130732,0.155268,0.272268,2.241268,-3.495732,-3.959732,4.707268,2.383268,-0.005732,-5.415732,-1.837732,9.853268,-1.785732,-8.134732,1
10.558268,-1.591732,0.209268,6.532268,5.181268,-1.462732,-2.026732,-1.771732,-3.622732,-1.499732,-3.421732,-1.293732,-1.871732,-0.386732,3.164268,-8.095732,-7.678732,-3.632732,-0.784732,-7.318732,-3.312732,0.368268,4.630268,-0.088732,-2.962732,-2.364732,-0.457732,1.144268,-2.769732,5.460268,-5.234732,0.285268,1
2.956268,-7.195732,3.513268,-6.836732,3.938268,2.720268,6.322268,-1.886732,3.287268,3.226268,4.866268,5.836268,4.112268,-2.411732,0.761268,-5.037732,-5.295732,-2.006732,-6.051732,8.512268,-10.251732,-12.396732,-4.762732,-1.243732,3.335268,0.758268,-2.280732,3.370268,-2.111732,-0.067732,2.649268,3.206268,1
-1.822732,-4.050732,5.462268,5.417268,1.616268,4.256268,3.281268,-2.937732,-1.436732,-0.993732,-7.125732,-1.354732,-9.524732,-0.974732,-1.087732,-0.409732,-1.923732,10.322268,-6.510732,-4.309732,-11.010732,5.716268,3.456268,0.345268,1.309268,7.373268,2.704268,-0.479732,-2.138732,3.230268,-4.039732,0.107268,1
-0.227732,-2.893732,0.675268,-2.516732,1.944268,-6.106732,-5.110732,-9.355732,9.227268,-6.921732,-8.710732,1.563268,4.708268,-5.789732,-4.166732,0.728268,-5.342732,3.355268,-4.566732,1.336268,-2.355732,-4.642732,2.718268,1.208268,3.067268,-3.838732,2.934268,-1.752732,0.893268,-8.670732,-2.391732,-5.999732,1
-8.461732,-1.511732,1.881268,-2.840732,-1.188732,2.719268,-7.979732,-1.378732,-1.352732,0.021268,9.040268,-5.257732,9.977268,2.330268,4.597268,-8.743732,-8.227732,1.564268,16.494268,5.848268,-11.082732,-8.743732,17.033268,4.766268,1.483268,-1.985732,3.474268,1.320268,-0.374732,4.388268,19.788268,5.784268,1
4.749268,7.279268,-3.386732,-5.359732,1.311268,0.799268,-1.115732,4.666268,1.024268,4.339268,-0.341732,-3.730732,4.766268,-6.787732,-2.450732,-3.178732,0.304268,-0.930732,1.340268,-0.037732,-0.259732,2.054268,-1.609732,-4.432732,-0.258732,-7.417732,0.528268,-2.112732,-14.035732,-4.118732,2.295268,-5.274732,1
-4.084732,4.329268,-2.015732,2.070268,0.197268,3.184268,-0.210732,-2.171732,-0.309732,-5.259732,1.074268,-5.575732,-10.674732,-2.973732,-21.809732,-0.643732,-2.749732,5.834268,0.972268,-3.094732,-5.154732,-3.035732,5.361268,-3.689732,-4.844732,-8.556732,-2.627732,2.033268,0.972268,-2.353732,-1.667732,2.358268,1
-0.459732,-5.190732,8.399268,2.064268,-5.013732,4.336268,-3.292732,3.558268,-3.686732,-3.858732,8.298268,0.431268,-5.000732,-6.324732,-4.723732,8.808268,-2.714732,5.450268,1.956268,1.137268,1.958268,-8.677732,5.252268,5.523268,-5.627732,1.957268,-5.082732,3.294268,0.725268,-5.178732,0.493268,1.405268,1
5.296268,-0.647732,-4.171732,-3.642732,1.399268,6.692268,0.577268,-1.839732,-7.006732,-2.552732,-7.069732,4.654268,-5.419732,3.665268,-1.126732,-2.070732,-9.341732,0.391268,-0.891732,-2.026732,-2.534732,-1.180732,-4.232732,-3.672732,4.241268,3.184268,-6.654732,-1.297732,2.278268,-1.664732,-3.823732,-3.941732,1
1.064268,0.996268,-3.615732,-6.158732,-2.343732,-5.166732,-3.210732,3.047268,-2.105732,1.347268,-5.867732,-0.205732,1.178268,-0.005732,-2.854732,3.163268,0.633268,0.960268,9.183268,-4.369732,1.836268,6.629268,2.888268,5.168268,-9.855732,-9.884732,-3.778732,7.284268,-2.284732,4.476268,2.177268,-2.793732,1
0.703268,-4.408732,6.722268,1.446268,0.648268,-1.136732,-1.664732,-2.197732,-0.740732,-3.827732,7.249268,-4.376732,-9.880732,-2.450732,2.181268,-0.938732,-1.835732,2.226268,4.099268,-3.151732,-2.013732,-3.740732,4.748268,-0.035732,-0.968732,1.973268,3.809268,-3.867732,-3.729732,-0.477732,-7.418732,0.265268,1
6.239268,-1.837732,1.425268,-4.903732,1.213268,-3.146732,5.568268,-1.137732,-3.183732,3.006268,-3.036732,1.382268,-0.790732,2.109268,-0.696732,-4.826732,2.505268,-8.019732,-2.612732,-4.187732,-0.790732,0.782268,-1.626732,-7.189732,3.472268,-5.218732,9.027268,-8.363732,-2.760732,-4.036732,-7.071732,-8.779732,1
3.788268,-1.715732,-0.999732,-3.652732,1.946268,-2.049732,5.565268,-7.026732,-3.660732,-5.093732,1.929268,-1.188732,-3.659732,-1.149732,-0.466732,0.712268,-11.537732,0.743268,-3.529732,1.956268,2.406268,1.522268,4.109268,-4.980732,-6.077732,5.308268,-4.468732,1.212268,-0.238732,2.148268,-2.237732,-4.681732,1
3.475268,2.597268,0.119268,-0.156732,2.733268,-1.446732,-0.535732,-3.879732,2.589268,-6.287732,3.370268,-5.494732,-8.657732,-0.460732,-5.431732,-0.516732,0.237268,-2.265732,-0.083732,4.762268,-3.744732,-3.214732,4.312268,1.019268,1.238268,-4.172732,-2.975732,-7.612732,-4.596732,-3.141732,3.099268,-7.902732,1
0.749268,0.324268,1.208268,3.483268,-2.163732,-0.525732,0.787268,-12.540732,3.521268,-5.859732,-4.039732,-5.638732,-4.505732,6.217268,-9.195732,-3.572732,-8.503732,2.212268,1.186268,-6.381732,0.713268,-5.483732,1.182268,-7.865732,-5.579732,-3.490732,0.908268,1.064268,-1.569732,-1.728732,0.189268,2.488268,1
7.478268,1.905268,-19.314732,4.962268,5.504268,-2.273732,1.845268,-1.183732,8.224268,-2.660732,-7.539732,-0.273732,-3.731732,-2.719732,4.094268,9.263268,-2.683732,0.594268,-7.439732,3.978268,-1.861732,4.785268,-2.998732,-4.167732,10.555268,-6.629732,-2.843732,-5.592732,4.534268,1.331268,-2.886732,-9.924732,1
-6.501732,-1.923732,-3.354732,-0.602732,-0.399732,1.815268,-5.954732,-4.900732,3.343268,-1.448732,2.920268,-0.296732,-4.742732,0.147268,-6.577732,2.334268,3.669268,-2.419732,3.052268,4.232268,-7.350732,2.390268,-2.411732,1.864268,-9.793732,-1.321732,5.328268,4.024268,10.509268,2.185268,5.469268,-4.740732,1
-0.780732,3.057268,0.367268,19.054268,-9.255732,3.752268,2.292268,1.522268,5.786268,-1.458732,-5.687732,2.805268,5.086268,-3.213732,-2.584732,-2.666732,4.781268,-1.792732,-3.274732,-6.270732,0.844268,5.566268,2.957268,-3.213732,3.483268,-6.300732,2.351268,4.245268,0.776268,0.399268,5.073268,-1.301732,1
-4.852732,-2.085732,-7.281732,0.148268,1.090268,2.345268,-2.885732,4.152268,-2.045732,3.699268,1.796268,2.377268,-5.176732,-5.282732,-6.640732,3.074268,-21.943732,-0.205732,-3.150732,-4.064732,4.813268,-2.958732,0.826268,-3.715732,3.866268,-2.025732,2.116268,1.994268,1.133268,0.301268,-3.419732,-7.951732,1
-0.487732,-4.955732,-6.679732,-3.416732,3.046268,-0.277732,-1.908732,-11.352732,4.693268,9.609268,-0.171732,1.785268,1.823268,-0.385732,4.602268,-1.612732,-0.238732,4.707268,1.448268,-0.554732,-3.518732,7.831268,-5.135732,-1.367732,0.944268,-7.755732,-0.546732,-2.361732,-3.343732,0.388268,2.142268,-1.766732,1
-0.535732,11.290268,-3.231732,-4.840732,-4.747732,-1.425732,-11.236732,-6.626732,6.263268,2.934268,-4.447732,-3.690732,4.005268,-8.545732,1.931268,-11.194732,-0.309732,-2.678732,4.597268,1.640268,-4.333732,2.885268,-1.651732,-3.752732,2.943268,-9.939732,-6.366732,-14.090732,-0.651732,-2.801732,20.356268,-5.714732,1
-7.516732,-17.078732,-3.141732,-1.391732,3.541268,5.085268,1.524268,-1.931732,6.396268,0.322268,0.582268,-3.248732,-6.918732,-2.034732,3.267268,1.645268,2.762268,-5.051732,1.295268,-4.734732,1.250268,20.181268,-2.400732,-5.311732,-3.396732,-3.247732,3.851268,0.702268,-2.337732,-1.012732,-4.233732,-4.160732,1
-5.789732,-0.799732,-3.016732,-5.171732,-1.295732,0.053268,-2.777732,0.376268,-1.120732,2.041268,6.376268,-12.659732,-1.862732,5.153268,0.573268,-2.204732,-2.036732,-5.489732,-15.774732,-3.991732,1.060268,-4.772732,1.064268,2.076268,-6.527732,-4.436732,-4.344732,17.724268,-2.449732,3.123268,-5.175732,-10.841732,1
-1.454732,-1.143732,-6.699732,17.468268,-0.460732,10.184268,-4.116732,-0.891732,1.423268,-1.729732,-1.419732,3.024268,-3.180732,-6.612732,4.640268,-1.669732,2.346268,-4.071732,-3.818732,-4.133732,-5.613732,-3.427732,-8.355732,-8.946732,-3.635732,-1.907732,5.039268,-7.711732,-6.930732,-0.837732,-4.909732,-4.316732,1
19.716268,0.209268,-8.657732,0.053268,-4.639732,-7.692732,12.731268,-0.931732,4.750268,20.667268,3.236268,10.238268,0.537268,-3.743732,5.019268,2.613268,-3.823732,0.995268,-5.965732,-7.947732,-4.141732,-4.228732,-1.736732,-2.673732,4.602268,0.048268,-0.828732,-1.142732,5.637268,-4.349732,-6.389732,-0.320732,1
4.822268,0.498268,-6.519732,4.769268,-1.233732,-7.890732,-6.512732,0.360268,-9.832732,0.982268,4.454268,-6.233732,-12.264732,-7.040732,-1.515732,0.261268,-7.032732,-3.554732,0.874268,-4.914732,-5.671732,-1.088732,2.691268,-5.865732,0.646268,0.883268,-1.381732,5.568268,0.567268,-5.138732,-1.705732,19.133268,1
0.103268,2.971268,-0.686732,-1.365732,-7.519732,-5.430732,0.700268,-3.060732,1.370268,-1.449732,-0.368732,-5.940732,0.497268,-0.788732,-3.819732,-1.703732,-1.660732,-6.855732,-1.732732,3.955268,6.589268,-3.592732,-2.645732,-12.291732,-18.372732,0.992268,-5.575732,-2.608732,-2.241732,2.890268,-1.187732,-0.568732,1
5.145268,-0.940732,1.063268,4.074268,-2.329732,1.756268,2.213268,0.245268,-1.140732,3.314268,5.673268,-4.975732,-1.615732,-4.715732,-16.909732,-2.149732,-9.596732,1.735268,2.088268,-5.621732,-4.992732,4.980268,-2.126732,2.545268,3.445268,6.613268,-5.118732,0.358268,3.265268,0.822268,3.782268,-5.299732,1
3.819268,0.154268,2.712268,-3.237732,-7.390732,3.616268,1.697268,-8.820732,4.842268,-2.850732,-7.380732,0.137268,-1.658732,-6.309732,-3.495732,-4.321732,-6.619732,1.952268,2.694268,1.043268,-0.738732,-1.291732,-6.699732,2.706268,-9.383732,-11.588732,-3.053732,6.301268,-3.377732,-4.080732,3.373268,3.482268,1
2.522268,-2.909732,-4.556732,-0.121732,-3.785732,-5.731732,-4.450732,-3.211732,3.633268,4.679268,-6.094732,-2.611732,-3.316732,-0.118732,5.010268,-0.326732,7.320268,4.449268,6.452268,0.778268,-4.246732,-11.428732,0.913268,-1.742732,3.001268,11.397268,-12.402732,0.031268,-0.435732,-0.958732,-0.506732,-4.723732,1
4.439268,-8.456732,-11.585732,-2.891732,-2.570732,-2.193732,1.924268,1.043268,3.693268,9.381268,5.157268,-7.103732,-6.529732,-5.162732,-4.655732,-5.658732,-5.070732,-9.572732,-0.407732,2.318268,-2.099732,-0.880732,-2.687732,-3.016732,-4.632732,-1.518732,-0.148732,2.639268,2.811268,-6.864732,-7.657732,2.364268,1
-0.563732,-5.039732,-6.771732,0.609268,1.113268,-6.050732,2.553268,1.993268,-2.802732,-0.773732,-4.142732,-4.200732,1.238268,-9.950732,6.483268,-2.069732,-6.591732,-7.026732,-6.059732,-2.933732,1.209268,0.278268,-0.810732,1.709268,5.274268,-2.346732,-1.770732,-5.326732,-7.018732,2.268268,-0.960732,1.335268,1
1.288268,0.002268,0.569268,3.329268,3.261268,-6.996732,-7.361732,-7.895732,-4.958732,2.125268,18.166268,5.063268,3.236268,-6.206732,7.285268,1.107268,-1.837732,1.590268,-1.008732,-0.097732,-3.542732,4.451268,5.105268,7.122268,-2.937732,-1.033732,-5.828732,-1.922732,-5.492732,-2.391732,5.608268,15.444268,1
-9.490732,-5.209732,-7.338732,0.713268,5.412268,-1.333732,5.416268,-9.722732,0.132268,-3.217732,2.183268,1.360268,2.758268,0.341268,0.440268,5.395268,-0.580732,-7.408732,3.426268,6.061268,2.528268,-5.348732,-4.136732,4.849268,-0.618732,3.830268,3.949268,-4.415732,-3.543732,3.767268,2.090268,0.613268,1
-2.127732,-7.143732,-8.149732,-4.545732,-8.050732,1.171268,-0.831732,0.707268,0.105268,-13.160732,-11.040732,-3.429732,-5.316732,-0.042732,7.179268,-9.322732,-5.441732,-5.781732,-2.538732,-1.061732,-1.286732,4.407268,-1.866732,2.999268,18.281268,-1.137732,-9.049732,1.437268,0.207268,-6.111732,1.786268,6.698268,1
1.529268,-0.565732,-7.984732,-1.343732,3.271268,2.065268,-6.558732,-4.987732,-6.503732,-1.046732,2.850268,-6.974732,-7.610732,-5.297732,9.883268,-6.597732,-2.227732,-11.470732,3.252268,8.244268,-16.035732,-3.286732,2.244268,-0.623732,-1.741732,-0.203732,19.119268,1.598268,-1.509732,-1.615732,-5.061732,4.640268,1
3.019268,-1.710732,-1.986732,-0.148732,-4.893732,4.617268,-6.396732,-0.329732,0.150268,5.143268,1.046268,-0.864732,-6.225732,4.555268,3.489268,-3.655732,-2.768732,-7.783732,-4.326732,-2.197732,-4.753732,4.735268,1.012268,-1.607732,-10.224732,-2.332732,5.318268,-8.426732,2.516268,0.724268,-4.869732,0.060268,1
3.788268,3.024268,0.390268,-2.064732,-4.130732,0.347268,-0.999732,2.956268,4.199268,-0.381732,-5.746732,-4.121732,17.409268,9.594268,-5.747732,-0.952732,1.113268,5.684268,3.531268,-2.832732,1.782268,4.246268,4.414268,0.575268,2.142268,-11.446732,0.932268,2.211268,-1.854732,3.651268,-2.204732,2.598268,1
-1.523732,-13.580732,-5.684732,3.454268,-8.684732,15.223268,-5.599732,-0.415732,8.120268,-3.788732,-4.682732,-6.219732,-6.256732,-1.466732,-1.590732,-5.725732,0.406268,4.253268,-9.000732,-9.520732,-4.582732,-6.312732,16.406268,-4.361732,2.729268,-3.847732,-2.661732,-7.478732,-6.958732,-0.130732,-7.999732,1.510268,1
-0.550732,-3.002732,5.543268,-7.092732,0.123268,2.071268,-12.693732,-10.914732,1.195268,0.538268,-0.558732,4.296268,6.993268,3.490268,-1.544732,0.532268,-9.981732,-4.016732,3.868268,-5.973732,-6.196732,1.727268,-1.809732,-7.631732,-6.845732,-7.847732,-2.858732,1.862268,0.912268,0.248268,-7.541732,2.860268,1
-9.495732,7.132268,-9.201732,-2.300732,-1.771732,-2.516732,2.183268,-5.185732,-6.686732,-0.057732,-5.606732,6.892268,-3.324732,-7.586732,-3.993732,-5.395732,-0.556732,7.506268,2.872268,-8.476732,2.963268,-0.372732,0.539268,-5.687732,-4.712732,-2.692732,-0.429732,-5.742732,-1.745732,1.598268,-14.158732,-6.284732,1
