4.156268,-9.395732,1.109268,5.962268,8.957268,-6.283732,3.730268,1.189268,-6.412732,5.190268,2.484268,6.247268,5.121268,5.775268,5.232268,4.003268,-1.876732,4.462268,2.056268,3.611268,-2.199732,-2.111732,-8.974732,3.663268,-20.427732,3.964268,6.413268,-1.499732,4.477268,5.328268,0.876268,-1.486732,0
9.943268,-0.475732,5.303268,-2.457732,1.206268,-0.927732,-1.710732,-4.053732,-0.100732,7.856268,3.646268,2.295268,8.099268,4.864268,4.367268,-0.191732,-5.122732,-2.057732,-3.875732,-3.190732,7.243268,0.135268,2.787268,0.894268,-4.733732,2.623268,-2.618732,-3.766732,-5.968732,8.269268,2.596268,9.354268,0
-7.678732,2.436268,-2.534732,4.098268,7.412268,4.350268,5.110268,-2.868732,-1.588732,-0.455732,0.232268,7.147268,-4.885732,-12.330732,4.041268,5.096268,4.893268,0.154268,-0.352732,-1.183732,-0.356732,-0.850732,7.460268,-5.821732,6.588268,3.554268,12.739268,5.883268,-1.693732,-9.289732,-4.711732,-1.231732,0
2.550268,-6.003732,-5.292732,-7.241732,4.686268,-0.331732,2.916268,-2.611732,4.179268,-0.723732,9.209268,0.226268,3.851268,6.269268,-2.833732,2.908268,4.966268,-7.843732,2.812268,-8.941732,-3.770732,2.323268,2.660268,3.007268,10.225268,1.441268,3.691268,5.577268,4.201268,5.455268,-1.418732,0.271268,0
0.437268,-1.750732,2.662268,-0.742732,7.892268,7.179268,5.522268,-17.695732,0.825268,1.300268,2.804268,-2.197732,-0.688732,5.858268,-4.004732,-6.022732,0.338268,-7.279732,1.695268,-6.765732,-2.026732,4.731268,0.523268,-4.261732,-5.763732,5.602268,-1.921732,3.348268,-4.089732,-2.560732,-6.212732,1.930268,0
0.024268,12.135268,1.326268,8.098268,7.166268,0.602268,2.824268,3.551268,-6.420732,-0.862732,-2.047732,-4.540732,4.646268,-3.236732,-2.574732,-0.570732,-0.321732,2.777268,-3.930732,1.220268,1.100268,6.490268,0.980268,2.765268,0.537268,-3.434732,8.954268,0.666268,-1.456732,3.806268,0.680268,8.282268,0
-3.262732,5.302268,5.494268,7.378268,6.517268,2.172268,-3.165732,-8.597732,-5.851732,-4.651732,3.022268,3.060268,6.149268,1.956268,-1.473732,-4.658732,-0.709732,9.638268,10.057268,5.292268,-2.968732,-2.873732,1.813268,-1.196732,2.285268,4.860268,-3.577732,-3.982732,4.017268,9.286268,-2.865732,-3.802732,0
3.761268,-3.281732,7.058268,-3.570732,-0.033732,0.589268,0.604268,3.556268,1.823268,3.581268,5.360268,-6.020732,5.752268,4.338268,7.384268,3.640268,-0.274732,-3.786732,5.552268,-5.391732,-5.075732,-1.958732,-0.911732,-1.846732,4.248268,-3.144732,9.314268,9.760268,4.703268,8.805268,1.966268,1.157268,0
0.405268,5.016268,-3.839732,1.093268,1.343268,1.041268,-0.982732,-6.996732,1.762268,0.738268,-4.567732,-0.011732,-4.890732,-2.317732,-3.366732,-3.984732,-3.922732,-2.754732,2.312268,-2.599732,-2.914732,4.194268,-2.500732,-13.318732,3.920268,1.802268,5.084268,-1.988732,3.609268,-0.442732,0.431268,-7.396732,0
-8.681732,2.802268,-1.531732,-0.759732,-9.163732,-2.833732,-2.188732,-5.231732,-0.577732,2.102268,7.441268,3.209268,2.346268,-2.690732,3.249268,7.623268,1.863268,3.844268,20.718268,0.350268,-2.131732,-5.838732,1.005268,4.707268,-0.830732,-3.310732,-1.376732,-0.256732,-4.191732,2.123268,4.904268,-5.252732,0
7.140268,-2.596732,3.434268,8.837268,-0.464732,4.774268,3.089268,-5.872732,-2.110732,5.588268,-4.314732,6.318268,2.525268,6.423268,2.819268,-6.854732,5.850268,5.583268,16.774268,-2.137732,1.196268,2.510268,2.235268,-2.014732,-0.422732,2.976268,-0.047732,5.151268,-6.381732,-2.396732,0.125268,-0.153732,0
-1.042732,1.515268,1.698268,3.852268,5.881268,-1.033732,3.429268,2.265268,-1.446732,-2.510732,2.262268,6.476268,-1.396732,-0.067732,-2.699732,-1.765732,-0.056732,1.233268,-6.901732,-1.918732,0.399268,8.375268,2.538268,-6.264732,-1.868732,-14.342732,-8.390732,1.081268,21.620268,5.458268,-2.138732,-0.380732,0
1.796268,-0.220732,-0.117732,-1.408732,-1.528732,1.739268,0.558268,-5.680732,10.644268,3.283268,10.141268,1.402268,3.865268,-2.087732,-3.632732,-0.201732,2.608268,2.903268,-3.888732,-4.944732,6.156268,0.366268,-5.752732,2.289268,-1.083732,2.838268,-0.595732,-3.168732,-1.934732,4.392268,7.037268,-4.961732,0
5.315268,2.372268,0.836268,1.393268,2.658268,-6.676732,3.797268,7.670268,1.829268,6.160268,-0.123732,4.836268,1.441268,-5.997732,-5.427732,-6.443732,-6.589732,-2.411732,1.793268,7.045268,0.647268,-4.351732,-0.004732,5.056268,4.551268,6.092268,0.915268,2.467268,-6.738732,6.424268,-4.687732,1.639268,0
-3.301732,-2.262732,1.388268,-6.067732,1.226268,-3.885732,5.034268,1.193268,3.582268,-6.995732,-0.638732,-5.744732,-1.393732,1.411268,0.716268,-1.511732,-1.569732,3.874268,1.376268,-0.608732,18.027268,0.841268,3.673268,-8.604732,0.402268,6.806268,-2.283732,3.710268,-3.658732,4.014268,0.525268,-5.093732,0
-0.411732,0.488268,2.737268,2.216268,3.639268,4.113268,-7.529732,-1.989732,-2.083732,-0.681732,3.921268,7.047268,2.420268,-0.998732,4.149268,-0.184732,1.011268,2.177268,-2.164732,-1.814732,-1.215732,4.017268,-2.010732,-1.085732,6.427268,6.975268,5.831268,2.088268,-0.767732,-1.163732,-0.255732,5.505268,0
3.806268,9.393268,-3.156732,3.320268,11.322268,1.004268,2.337268,-3.575732,15.362268,3.951268,0.291268,0.921268,-3.558732,-0.042732,2.753268,-4.372732,1.352268,9.802268,2.013268,9.605268,3.801268,-1.717732,2.612268,7.194268,5.635268,0.219268,-1.478732,-6.764732,2.260268,3.158268,-1.207732,-0.857732,0
1.643268,-7.486732,4.928268,7.171268,7.009268,-7.006732,-5.482732,7.379268,0.741268,0.427268,4.442268,2.717268,1.173268,3.885268,4.729268,4.155268,4.080268,1.788268,-0.286732,2.718268,-0.042732,2.827268,3.494268,2.319268,4.602268,3.614268,2.812268,1.880268,6.787268,3.161268,-4.816732,2.085268,0
-3.812732,-0.326732,1.964268,-0.724732,2.278268,-1.920732,11.301268,0.987268,2.812268,5.313268,9.846268,5.433268,-9.873732,-3.987732,-1.317732,0.871268,-1.734732,0.950268,4.529268,2.536268,5.550268,2.423268,0.801268,-5.455732,6.065268,13.755268,-4.345732,3.701268,4.326268,5.506268,0.368268,-4.253732,0
-1.003732,-2.500732,-5.143732,0.458268,0.744268,1.456268,1.336268,-1.797732,4.092268,1.373268,-1.757732,4.313268,4.304268,-2.853732,5.570268,1.552268,2.048268,-1.068732,-0.592732,-2.201732,2.426268,-3.412732,-0.370732,0.581268,6.822268,-0.342732,13.687268,7.070268,0.083268,-7.488732,0.191268,1.717268,0
2.732268,3.893268,1.976268,-3.190732,3.138268,-1.177732,-6.121732,7.000268,4.255268,5.066268,3.295268,2.562268,2.388268,10.029268,6.682268,-0.309732,3.759268,3.320268,1.025268,1.283268,4.142268,19.261268,-1.955732,10.181268,-3.387732,4.571268,-3.028732,1.796268,0.411268,-3.328732,3.839268,-0.649732,0
1.764268,3.652268,0.517268,0.343268,-3.514732,0.199268,0.083268,2.778268,6.465268,-3.505732,1.369268,0.258268,0.028268,-0.362732,2.600268,-5.205732,-2.843732,2.681268,0.556268,-6.657732,-3.991732,-5.418732,3.281268,-8.937732,-0.180732,-0.924732,-9.598732,-4.135732,4.674268,9.023268,-0.567732,-0.532732,0
6.753268,-2.101732,4.636268,4.472268,4.460268,11.516268,0.820268,0.322268,-0.516732,4.212268,-6.387732,-1.283732,2.678268,-0.979732,-2.709732,5.169268,-3.652732,-7.467732,3.807268,6.056268,0.746268,2.450268,-17.999732,1.931268,11.222268,0.411268,2.219268,-6.526732,1.905268,7.923268,-0.253732,-5.780732,0
-3.348732,-2.054732,3.968268,11.696268,0.437268,8.078268,0.179268,3.166268,3.178268,-2.082732,-2.681732,7.178268,-2.834732,2.276268,8.152268,5.779268,2.083268,2.013268,0.985268,2.760268,3.664268,1.681268,7.559268,-4.537732,22.521268,-2.641732,5.735268,4.361268,-7.234732,-5.768732,7.603268,3.327268,0
-7.802732,-4.407732,-1.959732,1.383268,-1.701732,-5.068732,2.121268,7.299268,-0.610732,2.426268,2.073268,-2.687732,1.077268,3.767268,-3.743732,4.518268,4.700268,2.634268,-2.930732,-4.675732,3.764268,4.659268,1.867268,-1.183732,7.437268,0.690268,2.036268,1.627268,-3.163732,-2.931732,-5.646732,5.428268,0
11.044268,-0.989732,3.651268,1.598268,5.319268,2.609268,-4.154732,4.784268,-1.418732,4.269268,-3.239732,-5.918732,-0.247732,1.168268,5.071268,8.920268,1.281268,-1.034732,-6.083732,3.165268,9.001268,-6.045732,1.260268,-4.065732,5.982268,2.770268,-6.958732,19.494268,1.510268,2.777268,-8.503732,0.268268,0
0.328268,-1.551732,-6.574732,0.428268,0.721268,1.047268,-0.560732,-1.925732,-2.716732,2.539268,9.612268,3.748268,-2.461732,5.803268,3.536268,1.605268,-1.603732,2.455268,2.381268,-7.405732,1.981268,6.763268,-4.459732,2.026268,3.603268,4.434268,-1.978732,-2.131732,-4.289732,-8.308732,0.958268,-2.039732,0
2.011268,-2.208732,2.255268,5.279268,-4.335732,-3.698732,0.463268,6.388268,11.616268,-1.540732,4.084268,-3.168732,-3.934732,1.414268,4.787268,1.293268,3.194268,3.365268,0.116268,4.711268,6.280268,-6.168732,0.241268,3.897268,2.781268,3.218268,-1.660732,0.539268,-18.838732,3.705268,-3.586732,-0.109732,0
5.060268,4.409268,2.414268,-1.225732,2.919268,-3.727732,5.452268,-2.507732,0.988268,0.805268,1.809268,-2.581732,2.097268,-0.717732,-4.403732,2.809268,-1.878732,0.513268,-0.787732,4.762268,-1.323732,1.818268,-0.387732,7.146268,-2.255732,3.907268,3.624268,4.257268,4.884268,1.900268,-1.210732,11.269268,0
-0.991732,4.223268,1.154268,0.329268,1.347268,-7.227732,1.598268,-0.999732,9.184268,4.764268,0.842268,10.109268,7.072268,3.854268,0.178268,6.715268,7.528268,2.399268,2.074268,-3.679732,8.318268,1.153268,6.282268,-1.285732,2.702268,6.617268,-1.698732,-0.829732,2.333268,4.152268,5.994268,-0.429732,0
5.286268,5.337268,3.535268,4.988268,1.462268,-1.706732,2.479268,0.848268,0.084268,10.996268,-13.398732,-17.601732,0.367268,0.685268,-7.788732,-1.992732,-3.685732,-4.838732,1.218268,-0.712732,5.194268,0.500268,3.831268,-3.556732,2.577268,-3.015732,-2.295732,7.863268,-8.637732,-4.443732,10.705268,-10.484732,0
-1.628732,-1.747732,-1.399732,2.174268,3.466268,-0.336732,-3.277732,0.730268,18.726268,-12.497732,-4.170732,-6.756732,-17.199732,7.073268,6.897268,-1.477732,4.646268,-6.806732,7.804268,6.064268,2.958268,-2.877732,1.654268,-1.401732,0.006268,2.671268,5.743268,0.050268,7.639268,4.211268,-8.458732,-3.336732,0
-2.083732,-0.826732,1.692268,-3.157732,1.243268,3.320268,-0.382732,4.695268,10.259268,-1.070732,2.662268,8.977268,12.291268,0.015268,6.769268,6.253268,9.369268,1.380268,10.744268,2.852268,-1.535732,-6.238732,3.435268,1.673268,-2.131732,0.420268,6.519268,-5.552732,2.162268,4.279268,6.966268,-7.472732,0
7.312268,2.919268,2.669268,1.707268,3.582268,3.014268,-0.235732,-3.937732,-0.618732,-5.243732,3.925268,2.410268,-1.801732,-5.915732,-1.899732,-4.168732,2.055268,1.586268,10.195268,0.919268,-0.573732,-4.482732,-19.262732,2.288268,7.779268,-7.159732,-2.959732,5.248268,0.941268,4.360268,-0.546732,1.763268,0
-0.109732,-1.416732,0.372268,3.850268,9.753268,-5.751732,2.371268,-2.809732,9.717268,1.078268,4.013268,3.121268,2.870268,0.212268,0.126268,4.541268,9.972268,1.250268,1.181268,6.482268,0.823268,0.275268,2.650268,5.738268,10.109268,7.557268,5.317268,-3.393732,0.118268,-0.255732,1.311268,-3.515732,0
3.894268,2.225268,1.242268,2.470268,-3.987732,3.171268,5.908268,0.032268,-1.922732,-6.558732,4.317268,-7.130732,6.368268,-1.860732,-1.946732,6.257268,1.240268,5.652268,8.937268,3.145268,4.416268,-2.641732,-2.727732,0.195268,1.369268,3.670268,1.329268,-2.340732,1.603268,0.081268,0.003268,1.058268,0
-3.793732,10.252268,-1.629732,3.699268,-1.819732,1.933268,-2.704732,1.590268,6.187268,-10.808732,2.250268,7.392268,3.535268,1.311268,4.579268,1.673268,0.000268,0.207268,1.090268,-2.372732,-8.437732,-3.115732,5.921268,3.131268,-3.503732,-6.196732,-9.215732,-2.895732,-3.356732,12.996268,5.929268,0.405268,0
-0.908732,4.381268,1.865268,3.077268,6.670268,7.210268,2.504268,1.683268,1.665268,2.745268,3.760268,0.240268,-0.303732,-2.490732,-10.126732,-4.151732,1.147268,0.221268,-3.748732,-6.460732,4.125268,-1.197732,0.273268,3.497268,-1.310732,1.675268,-2.647732,3.382268,-2.187732,-4.112732,-5.473732,7.940268,0
-4.581732,9.782268,1.724268,4.268268,0.181268,-1.006732,-1.990732,-1.842732,-6.156732,7.987268,-2.223732,0.277268,-0.507732,-3.493732,0.870268,5.875268,-1.717732,20.679268,1.262268,4.593268,2.200268,5.900268,0.534268,-3.293732,-0.501732,-3.383732,2.930268,-3.060732,4.789268,3.951268,6.024268,-0.249732,0
4.531268,0.089268,4.584268,-0.404732,3.192268,-3.097732,-0.277732,1.716268,1.911268,8.476268,-4.021732,0.346268,8.358268,-1.084732,4.967268,1.216268,3.899268,-1.563732,-3.707732,0.822268,1.066268,6.138268,-1.136732,6.245268,10.247268,-1.851732,-4.683732,-1.577732,3.750268,5.767268,2.584268,4.358268,0
6.428268,1.986268,-8.646732,-3.928732,6.994268,5.282268,-1.179732,-1.780732,3.481268,1.613268,-1.742732,-0.684732,5.995268,3.836268,4.015268,-5.019732,-1.920732,-1.923732,8.134268,12.177268,-1.417732,5.113268,2.675268,-2.781732,-1.451732,3.941268,5.219268,-0.143732,1.437268,-6.940732,-2.309732,1.154268,0
-15.493732,-1.915732,-7.012732,-4.967732,1.919268,-0.244732,5.570268,3.018268,-2.729732,-2.809732,-6.612732,1.932268,-2.652732,-0.396732,1.399268,-0.061732,-5.603732,3.135268,4.950268,6.920268,13.976268,-6.683732,-2.016732,6.919268,5.015268,-0.842732,-2.033732,0.392268,-2.301732,5.958268,-3.581732,-5.667732,0
-1.398732,1.617268,-4.240732,3.994268,-0.786732,8.254268,-7.285732,-2.090732,3.779268,-0.771732,0.524268,1.179268,-2.084732,2.211268,-4.893732,1.135268,-3.740732,5.144268,3.533268,-5.587732,1.215268,8.100268,2.027268,6.571268,2.754268,-13.733732,4.468268,3.720268,4.558268,-2.791732,14.176268,7.649268,0
7.168268,-2.419732,15.462268,-0.487732,-1.285732,-4.098732,5.882268,0.351268,3.382268,0.608268,-2.918732,4.949268,5.261268,-1.238732,7.711268,0.690268,-1.243732,2.539268,2.039268,1.316268,2.366268,-0.300732,0.710268,-2.249732,-0.265732,-1.787732,-1.218732,-2.261732,-1.246732,-0.930732,2.941268,9.527268,0
-2.584732,7.917268,-0.901732,-2.990732,2.378268,-2.730732,21.686268,8.171268,-7.533732,-3.704732,3.430268,1.712268,-1.970732,1.650268,2.249268,-2.815732,-1.143732,2.458268,0.598268,-1.740732,-17.381732,0.731268,-2.044732,-5.857732,2.219268,5.334268,5.247268,3.977268,4.378268,6.137268,5.547268,-2.783732,0
4.896268,-0.526732,4.083268,0.375268,2.356268,-2.813732,-2.281732,4.752268,2.058268,-5.683732,0.101268,-3.607732,13.992268,-3.424732,3.946268,2.181268,1.132268,-1.767732,5.998268,4.830268,3.529268,5.240268,-1.227732,0.499268,3.179268,1.729268,4.674268,3.364268,-1.840732,3.137268,3.493268,-2.128732,0
-1.390732,3.651268,2.764268,6.452268,5.877268,22.096268,4.894268,-0.313732,1.669268,6.766268,-3.284732,-2.470732,8.888268,7.771268,-4.193732,-0.155732,-6.283732,5.716268,7.236268,11.170268,5.062268,4.315268,4.878268,4.270268,-1.259732,2.143268,2.320268,-2.230732,0.054268,-2.790732,3.292268,-0.485732,0
-0.044732,-3.023732,7.744268,2.808268,2.916268,3.772268,-5.583732,5.364268,4.319268,1.950268,3.384268,7.303268,5.950268,0.890268,5.796268,-3.008732,2.091268,2.928268,1.368268,12.204268,-2.996732,3.215268,-0.504732,6.918268,2.690268,-8.157732,1.858268,-2.310732,-4.576732,2.938268,11.278268,-2.632732,0
6.179268,-1.304732,-0.278732,-1.299732,11.508268,5.278268,0.526268,8.907268,6.184268,0.030268,0.817268,-3.980732,-3.525732,3.400268,0.307268,6.942268,6.814268,4.223268,-3.478732,-4.394732,7.811268,2.452268,2.750268,4.233268,-0.208732,3.495268,-17.705732,-8.475732,5.188268,5.833268,3.308268,-7.132732,0
-5.554732,5.158268,4.024268,-0.473732,0.256268,-5.027732,6.894268,-3.769732,-2.065732,-2.583732,-4.232732,-2.251732,4.212268,-8.362732,6.039268,1.121268,1.672268,-4.172732,-4.498732,-5.227732,4.469268,-3.312732,-0.616732,2.836268,3.325268,9.202268,15.635268,-4.357732,0.503268,3.226268,0.476268,2.184268,0
-1.338732,5.227268,-0.459732,4.830268,-1.005732,6.370268,-2.467732,4.985268,5.860268,-5.571732,3.987268,0.494268,4.329268,-3.190732,-5.153732,5.737268,1.087268,-0.404732,-4.161732,-1.113732,1.633268,9.693268,-5.394732,6.429268,-15.997732,-8.406732,4.534268,0.040268,7.817268,2.249268,7.835268,2.914268,0
2.103268,14.095268,5.631268,4.881268,0.164268,7.685268,0.823268,-1.675732,0.314268,1.983268,0.761268,-0.890732,-1.956732,-2.535732,11.501268,2.678268,3.297268,-18.246732,1.561268,-2.649732,6.100268,-2.571732,17.378268,5.175268,5.648268,-3.924732,2.799268,1.322268,-4.159732,-4.183732,-3.931732,4.078268,0
7.639268,5.203268,1.878268,-2.696732,-3.873732,3.094268,4.553268,-0.482732,5.458268,4.644268,-3.233732,3.198268,-3.854732,0.131268,6.005268,2.254268,3.130268,3.695268,1.897268,-1.733732,-2.934732,-17.086732,2.096268,0.545268,1.217268,1.866268,-2.271732,-1.027732,-3.858732,1.241268,-3.016732,-3.808732,0
1.823268,4.990268,1.299268,3.994268,-2.512732,-2.158732,6.427268,-8.387732,-3.228732,4.680268,-1.517732,6.670268,0.474268,1.965268,0.534268,6.391268,0.145268,0.286268,1.011268,-0.568732,3.876268,-3.869732,3.441268,2.552268,-4.362732,-0.673732,-0.869732,1.179268,1.338268,2.194268,1.901268,-0.695732,0
7.793268,-4.327732,12.335268,4.822268,-8.514732,0.550268,-3.019732,4.082268,0.908268,-6.643732,-2.623732,5.440268,0.795268,0.078268,-0.834732,17.470268,6.177268,5.698268,4.818268,-3.668732,3.095268,0.537268,7.400268,8.726268,4.466268,-7.815732,1.685268,0.723268,-0.716732,-3.919732,0.451268,1.648268,0
8.909268,0.928268,-0.858732,6.548268,-2.485732,-0.416732,-1.960732,5.210268,-6.214732,-2.956732,3.275268,1.684268,2.794268,1.375268,2.130268,3.389268,0.659268,-2.279732,-0.302732,-5.526732,-8.660732,2.759268,-3.169732,-1.044732,3.705268,1.900268,-4.621732,-5.737732,6.190268,-1.839732,-4.776732,4.345268,0
1.683268,10.036268,2.198268,-1.553732,6.829268,-0.716732,3.000268,1.575268,-2.318732,-2.622732,-0.586732,2.445268,-8.055732,5.489268,-9.855732,-7.973732,0.824268,3.574268,-4.951732,4.287268,-0.123732,-3.082732,4.259268,5.558268,-3.037732,1.886268,-0.403732,15.971268,5.470268,5.327268,-4.381732,2.358268,0
0.942268,-4.080732,-4.340732,6.440268,-5.576732,7.772268,2.393268,-8.187732,-2.796732,-5.819732,4.143268,9.017268,-1.195732,-3.057732,0.621268,1.313268,-9.433732,4.552268,-0.916732,-0.584732,0.083268,-3.093732,0.967268,0.374268,-3.672732,2.202268,0.752268,0.778268,-0.471732,-4.537732,0.029268,0.056268,0
-0.225732,4.331268,0.026268,3.911268,-4.944732,-2.187732,6.590268,1.459268,3.281268,22.766268,-0.902732,-2.300732,4.444268,4.349268,0.199268,-1.160732,-3.660732,6.241268,-0.425732,1.609268,3.046268,2.286268,13.626268,-10.258732,3.218268,4.872268,6.666268,4.078268,-1.594732,-0.980732,3.437268,-1.422732,0
-1.590732,-4.318732,-3.846732,3.436268,-5.748732,-5.176732,2.092268,-1.618732,2.902268,0.728268,-2.149732,6.031268,10.223268,11.139268,-5.281732,-2.957732,-4.437732,-1.151732,19.315268,9.186268,-0.616732,-1.409732,8.898268,7.297268,-1.855732,-20.629732,-5.409732,-2.465732,3.245268,-3.964732,1.172268,6.587268,0
-1.263732,-3.432732,2.820268,3.921268,4.714268,0.352268,0.139268,3.466268,1.203268,10.680268,-4.700732,0.661268,6.234268,9.211268,-3.535732,-0.302732,-11.629732,3.076268,-4.106732,2.261268,4.226268,1.821268,2.793268,3.604268,3.649268,4.886268,-4.941732,3.719268,-1.019732,5.928268,-0.030732,2.692268,0
-1.010732,-7.616732,3.812268,-3.216732,-4.140732,-1.701732,0.157268,0.090268,10.289268,4.253268,0.810268,-5.921732,3.125268,-1.521732,-2.460732,2.107268,-0.462732,-3.198732,4.844268,1.330268,-3.091732,-5.154732,-3.888732,7.861268,6.836268,-4.529732,-3.671732,-0.265732,-3.605732,2.430268,-0.928732,-0.709732,0
10.359268,-3.279732,2.454268,5.661268,7.881268,3.227268,-1.861732,-3.267732,-5.060732,-1.727732,-2.468732,1.342268,1.835268,5.282268,1.332268,-4.284732,-0.776732,-3.952732,4.230268,-4.294732,4.462268,-2.552732,1.376268,0.936268,6.395268,-0.934732,5.396268,-0.112732,5.799268,-7.462732,-3.340732,-0.562732,0
2.210268,0.586268,6.853268,5.054268,6.797268,6.796268,-2.064732,3.664268,5.110268,3.950268,6.032268,0.135268,-0.950732,20.346268,2.274268,-9.178732,-13.672732,3.724268,2.223268,4.188268,-3.435732,-3.401732,-2.203732,-1.897732,1.125268,-1.027732,-3.443732,-0.270732,2.074268,2.609268,16.037268,5.862268,0
0.514268,-1.024732,6.556268,1.087268,6.046268,18.096268,3.742268,-0.012732,3.556268,2.108268,-0.795732,-0.581732,-0.087732,-2.741732,3.448268,-0.581732,-5.371732,7.817268,4.335268,-0.944732,-4.546732,1.593268,-2.524732,-3.175732,-5.195732,-0.005732,-1.582732,-5.316732,-2.669732,0.679268,7.976268,2.443268,0
6.331268,3.968268,-0.404732,14.040268,0.544268,-4.432732,2.243268,7.995268,-1.336732,12.732268,3.323268,4.272268,-0.240732,2.759268,1.426268,2.236268,1.477268,1.860268,0.126268,-3.892732,-3.036732,4.033268,3.156268,0.904268,4.120268,-0.369732,2.468268,0.303268,-1.772732,7.382268,-5.362732,-0.852732,0
10.095268,-6.069732,-1.224732,-4.130732,-2.086732,-3.780732,-0.511732,-5.331732,5.779268,2.921268,2.889268,0.691268,-0.453732,0.463268,3.639268,-0.665732,-3.634732,-0.897732,3.205268,-1.783732,1.782268,7.218268,-8.557732,-2.933732,1.455268,5.611268,4.071268,-1.078732,-0.730732,-7.329732,8.124268,-7.686732,0
1.308268,3.596268,5.178268,-1.297732,-8.397732,2.455268,4.635268,0.246268,0.780268,-1.593732,1.064268,2.420268,5.914268,10.546268,0.525268,-3.029732,3.609268,2.933268,-9.118732,6.965268,0.964268,7.563268,2.329268,2.429268,1.654268,1.503268,-0.112732,2.258268,1.380268,-12.443732,5.376268,-8.645732,0
2.293268,-6.898732,-4.609732,4.433268,-8.499732,9.404268,-2.225732,19.829268,-2.695732,1.169268,10.195268,7.531268,10.239268,-6.772732,-2.777732,0.928268,5.438268,-9.054732,0.396268,4.003268,1.156268,3.846268,0.229268,0.980268,-2.934732,1.680268,-5.192732,4.096268,5.755268,4.055268,5.229268,-4.179732,0
-7.354732,1.090268,7.085268,-5.095732,-0.334732,-6.788732,-7.539732,-1.768732,3.172268,8.184268,0.546268,4.284268,4.110268,0.469268,-3.896732,0.511268,5.688268,3.800268,8.350268,-3.375732,-3.516732,6.551268,5.115268,-18.630732,3.082268,0.867268,5.525268,6.857268,3.436268,2.478268,3.427268,-4.397732,0
3.931268,-2.195732,4.487268,-0.209732,0.984268,1.526268,1.626268,1.967268,0.457268,-1.871732,3.660268,6.173268,4.717268,2.448268,-3.019732,-2.069732,6.973268,11.361268,-6.550732,-8.869732,0.797268,4.878268,-1.228732,8.329268,14.031268,10.096268,4.239268,1.126268,-1.315732,-6.752732,-0.320732,-0.770732,0
-2.356732,2.732268,-6.547732,-1.716732,2.297268,3.504268,1.993268,3.570268,2.114268,-15.154732,5.643268,1.873268,-4.598732,1.151268,-3.548732,12.809268,5.306268,4.170268,-3.228732,-3.716732,6.605268,2.917268,4.756268,-1.384732,-0.073732,0.827268,10.283268,-1.177732,2.058268,0.538268,5.105268,3.701268,0
2.679268,3.200268,-1.927732,-0.771732,3.116268,7.024268,-0.630732,3.232268,2.561268,1.040268,0.742268,4.669268,-5.772732,1.800268,3.639268,2.165268,-2.095732,6.844268,8.559268,5.787268,-1.000732,2.493268,2.334268,7.337268,5.407268,13.980268,-1.140732,5.455268,1.921268,-0.807732,0.324268,-1.206732,0
-20.720732,1.654268,-0.861732,-5.716732,-8.639732,-0.000732,4.591268,11.678268,-7.270732,5.271268,-1.990732,-6.412732,-1.232732,2.491268,-13.506732,1.341268,0.061268,2.173268,-4.903732,1.568268,-7.944732,-0.540732,-0.254732,2.076268,3.113268,2.245268,5.937268,2.080268,-4.043732,-13.092732,-0.672732,0.006268,0
5.403268,4.867268,-1.707732,-1.624732,-1.158732,-2.857732,1.416268,5.751268,-5.303732,-8.190732,-3.878732,4.003268,-1.420732,8.499268,2.164268,1.823268,0.816268,-2.236732,1.995268,-0.803732,-3.998732,-2.489732,-4.138732,-8.802732,5.597268,-5.059732,6.258268,-5.719732,3.232268,-0.215732,1.499268,6.217268,0
4.817268,-4.078732,0.446268,9.570268,3.727268,-0.156732,1.151268,-2.378732,12.076268,4.060268,5.401268,3.726268,-1.848732,-0.781732,-0.380732,0.570268,-1.870732,0.899268,-1.451732,3.632268,4.922268,7.692268,6.545268,0.391268,5.265268,6.325268,0.635268,-0.172732,2.493268,3.108268,4.879268,-1.067732,0
10.761268,1.756268,-6.471732,2.650268,1.764268,-3.302732,-6.506732,-1.933732,-3.379732,1.902268,9.303268,-3.684732,2.077268,7.706268,0.752268,1.945268,7.200268,4.934268,1.775268,-1.574732,0.189268,-4.791732,0.723268,-7.017732,-1.272732,-1.726732,6.948268,6.131268,-5.257732,-0.414732,-0.498732,-1.489732,0
8.882268,3.032268,-4.872732,1.833268,-3.485732,5.533268,1.681268,2.003268,-0.098732,-1.434732,-1.278732,1.631268,2.644268,3.978268,-0.629732,-2.624732,1.437268,-1.023732,7.990268,6.045268,-5.202732,4.582268,5.060268,2.240268,3.391268,2.717268,1.654268,1.636268,6.707268,5.794268,-3.208732,3.929268,0
-2.662732,2.652268,-4.427732,7.651268,6.612268,1.084268,5.571268,-5.809732,3.659268,2.862268,0.872268,-1.073732,-1.205732,1.490268,-3.615732,-4.076732,-2.248732,-0.750732,5.493268,-1.156732,-8.621732,-3.009732,-2.866732,3.335268,8.344268,-0.059732,-7.201732,5.867268,-4.485732,6.694268,0.802268,6.337268,0
-1.548732,4.563268,-0.356732,-6.271732,7.728268,1.144268,10.979268,5.473268,-0.615732,2.557268,11.452268,-0.547732,0.623268,3.275268,7.475268,4.978268,-6.407732,3.425268,5.403268,6.878268,-4.844732,-2.751732,-3.922732,6.788268,-0.560732,3.081268,15.527268,-1.677732,7.591268,2.268268,6.104268,7.027268,0
1.344268,-0.077732,0.769268,3.591268,18.243268,0.836268,3.317268,4.622268,0.718268,-5.659732,5.115268,5.888268,4.636268,5.814268,-0.354732,3.417268,-3.657732,12.214268,3.923268,1.028268,14.676268,6.140268,4.853268,-1.663732,-4.574732,7.631268,2.296268,-0.421732,3.777268,0.068268,3.350268,3.200268,0
3.758268,0.480268,0.039268,2.042268,-3.441732,-0.167732,-7.354732,-6.309732,1.920268,2.761268,-0.386732,-1.367732,-5.299732,6.520268,4.163268,8.128268,3.639268,-1.422732,8.488268,-1.892732,-5.939732,3.955268,-1.214732,2.645268,1.338268,-3.460732,-11.897732,2.556268,2.136268,-4.941732,5.312268,-2.873732,0
3.650268,-0.283732,-0.154732,0.526268,-3.854732,-0.287732,2.226268,0.322268,2.945268,-9.260732,2.325268,2.184268,2.909268,-6.141732,10.678268,7.090268,-2.629732,0.174268,4.516268,2.186268,6.126268,0.715268,10.765268,2.134268,7.249268,-2.592732,5.240268,1.928268,20.766268,-4.475732,5.296268,-1.450732,0
7.525268,5.217268,-6.486732,-0.703732,3.403268,-1.379732,2.471268,0.102268,9.499268,11.894268,-1.023732,0.213268,1.650268,9.348268,-3.770732,-7.292732,1.105268,4.227268,2.210268,1.105268,-11.833732,0.965268,1.073268,0.631268,2.092268,2.274268,0.216268,2.547268,-5.158732,-3.838732,-1.393732,7.333268,0
-5.355732,7.688268,2.656268,4.493268,-1.742732,6.519268,2.158268,3.437268,2.590268,-1.328732,1.761268,2.893268,4.198268,-0.649732,7.757268,2.767268,-0.146732,4.663268,2.846268,3.390268,0.822268,-6.318732,-5.280732,4.988268,4.598268,1.731268,1.102268,-0.224732,2.692268,-2.496732,18.115268,8.872268,0
-3.501732,5.065268,0.554268,-3.147732,3.160268,4.402268,0.150268,-15.858732,7.617268,3.488268,8.283268,-4.196732,-4.629732,3.526268,3.485268,-1.487732,5.116268,-3.956732,-2.068732,-3.561732,-2.859732,-0.082732,6.218268,9.242268,-7.636732,9.136268,3.710268,2.472268,2.357268,2.830268,0.582268,2.488268,0
-6.449732,0.822268,4.912268,-1.852732,4.221268,3.242268,8.203268,9.445268,-3.949732,4.458268,-0.049732,1.797268,-4.669732,2.801268,7.350268,2.506268,0.047268,-6.125732,7.025268,4.180268,-3.413732,6.716268,0.621268,-5.635732,14.808268,1.704268,1.352268,3.486268,-3.846732,-1.632732,2.188268,4.586268,0
5.698268,7.286268,-0.736732,-2.438732,-3.970732,4.506268,1.145268,9.435268,-2.133732,8.367268,6.070268,1.834268,-0.834732,-1.495732,-4.009732,3.574268,2.513268,-0.920732,2.291268,3.068268,-1.400732,-1.727732,5.341268,7.257268,2.301268,5.294268,-0.622732,4.051268,-1.018732,-2.194732,-6.468732,0.490268,0
2.596268,1.686268,0.939268,6.663268,6.021268,-6.595732,-5.263732,-4.238732,0.383268,0.034268,5.422268,-0.497732,4.048268,3.069268,4.243268,-0.272732,4.610268,3.471268,6.418268,4.591268,0.988268,-0.434732,-2.256732,2.734268,4.468268,-1.254732,-7.217732,-4.674732,0.356268,6.409268,4.929268,-3.775732,0
-3.173732,7.749268,-2.742732,-0.698732,-3.982732,8.479268,4.757268,3.128268,-3.390732,0.489268,0.698268,6.021268,7.362268,4.099268,-0.535732,1.900268,0.949268,-5.935732,-3.964732,-0.491732,-6.584732,-3.881732,-5.035732,1.950268,-3.184732,4.761268,2.132268,-4.916732,6.274268,3.869268,-8.369732,-4.578732,0
5.117268,0.326268,3.134268,8.530268,9.914268,3.786268,-1.329732,0.393268,2.542268,0.360268,3.618268,2.480268,-1.238732,1.796268,-3.019732,7.735268,-1.284732,6.157268,1.428268,-5.577732,8.953268,-5.405732,0.653268,0.135268,1.757268,-3.149732,-0.389732,2.413268,0.968268,3.960268,1.171268,-6.924732,0
7.493268,-3.545732,-3.199732,-1.267732,0.961268,-1.722732,0.995268,1.474268,-1.109732,3.033268,-6.408732,1.513268,-4.415732,-3.801732,-1.141732,5.615268,1.398268,3.191268,-0.777732,6.861268,-0.289732,1.428268,-1.687732,20.306268,-1.896732,-1.378732,1.534268,4.046268,-5.675732,5.217268,11.202268,4.556268,0
-1.775732,0.835268,0.481268,0.467268,-1.396732,3.786268,-6.883732,-0.760732,2.907268,0.838268,-0.318732,9.607268,-3.207732,3.750268,-5.351732,-2.021732,-2.328732,0.427268,4.265268,9.604268,7.439268,1.132268,0.592268,-0.136732,-1.208732,0.490268,1.000268,3.082268,0.621268,9.019268,0.370268,4.388268,0
4.163268,-0.558732,-4.054732,1.805268,-1.348732,4.940268,4.062268,2.014268,-4.286732,0.098268,2.525268,3.091268,0.524268,3.014268,5.775268,1.357268,-2.369732,-11.621732,4.595268,2.584268,2.137268,-4.834732,-3.153732,6.957268,5.057268,-2.730732,-1.201732,0.275268,-2.991732,-1.440732,-0.198732,-8.366732,0
5.385268,-1.348732,-3.509732,-1.386732,4.095268,7.050268,-3.090732,-6.847732,5.664268,1.437268,1.974268,2.157268,-4.281732,5.010268,-0.955732,-3.422732,0.068268,-6.359732,-0.519732,8.939268,1.222268,3.746268,-3.581732,5.152268,5.452268,3.840268,5.745268,0.498268,2.636268,-0.196732,3.971268,-1.958732,0
-6.050732,-4.665732,6.136268,4.828268,5.210268,3.230268,3.909268,3.271268,1.892268,0.748268,-3.552732,-13.534732,16.791268,-0.605732,6.533268,7.071268,-7.726732,9.946268,1.604268,-0.816732,3.767268,-4.101732,4.522268,11.957268,2.224268,11.254268,-1.530732,-6.690732,-0.209732,-0.840732,-0.721732,3.449268,0
0.989268,-4.102732,1.145268,-2.946732,1.883268,1.032268,5.033268,4.972268,-4.174732,8.273268,0.249268,3.521268,-1.621732,-7.776732,-5.206732,-4.345732,-7.452732,-11.878732,4.180268,7.699268,-2.126732,1.329268,-2.903732,-9.350732,11.643268,-1.832732,-3.142732,3.865268,-4.322732,18.337268,11.101268,2.542268,0
-4.055732,1.728268,1.966268,-2.859732,-11.512732,-5.021732,-3.609732,1.871268,-2.803732,-20.315732,8.365268,2.335268,-2.382732,-3.820732,-3.795732,-1.404732,-7.011732,-4.510732,0.822268,1.838268,3.299268,6.070268,-6.690732,0.002268,6.235268,-1.541732,-5.082732,6.543268,-0.686732,8.977268,2.270268,-3.681732,0
-6.849732,1.867268,8.472268,3.079268,-6.428732,-3.953732,-9.208732,3.460268,7.142268,4.829268,3.011268,-1.337732,-1.289732,-3.975732,2.569268,-2.329732,2.296268,-15.996732,0.018268,6.634268,12.205268,3.068268,-10.125732,5.441268,8.384268,-3.352732,-2.893732,6.878268,-6.372732,-2.642732,9.346268,-3.384732,0
2.687268,-1.048732,0.895268,1.797268,4.443268,-2.484732,-0.024732,-6.631732,23.005268,-3.040732,3.784268,8.806268,-10.326732,3.810268,8.338268,0.204268,-0.654732,8.902268,2.431268,9.326268,3.018268,0.817268,0.341268,3.197268,10.168268,4.230268,3.014268,0.327268,4.713268,-19.239732,-4.109732,1.033268,0
-2.438732,-4.457732,5.073268,-2.353732,3.126268,1.729268,-1.280732,2.272268,5.522268,1.028268,4.998268,6.923268,0.807268,3.924268,-0.947732,-1.945732,2.873268,1.250268,-5.332732,-0.660732,-0.467732,-0.296732,7.801268,19.044268,4.174268,10.420268,-2.423732,-1.545732,0.512268,1.610268,-0.238732,-6.998732,0
6.771268,7.642268,1.574268,-1.836732,2.553268,0.745268,1.093268,5.151268,0.846268,2.917268,1.924268,3.611268,-8.010732,-2.580732,-2.409732,-11.414732,-1.494732,-4.843732,-1.803732,18.923268,-4.335732,1.350268,4.888268,1.492268,-3.374732,2.384268,3.582268,-6.602732,13.585268,7.884268,-8.944732,-1.691732,0
5.793268,-1.824732,5.100268,-2.760732,-6.211732,-3.005732,-0.402732,-2.600732,-0.970732,9.130268,11.951268,0.851268,5.450268,4.863268,0.799268,-2.129732,-8.396732,-3.968732,4.960268,-3.170732,3.661268,-4.187732,8.467268,-4.323732,2.800268,3.946268,-0.999732,-1.353732,-0.600732,-6.844732,3.706268,-3.361732,0
-2.299732,0.866268,9.257268,1.849268,-0.256732,0.861268,-0.645732,1.183268,0.410268,-9.788732,-0.387732,-0.476732,-3.015732,2.734268,-6.785732,0.879268,-1.231732,1.315268,-0.752732,7.165268,15.896268,0.952268,0.670268,-5.320732,-1.509732,2.789268,-0.663732,3.842268,1.306268,9.839268,-0.994732,7.882268,0
7.381268,-1.345732,-0.063732,8.670268,7.567268,0.420268,5.806268,8.755268,3.472268,-1.502732,2.284268,5.617268,0.146268,3.461268,2.945268,1.467268,8.062268,-8.028732,0.173268,2.137268,0.419268,-1.330732,-1.719732,-1.663732,0.449268,5.495268,-2.286732,-2.533732,-4.735732,3.203268,4.211268,-3.421732,0
-2.631732,-7.167732,5.154268,-4.174732,0.287268,4.157268,3.501268,-5.475732,5.145268,1.766268,8.995268,5.481268,5.761268,-0.794732,0.789268,5.563268,7.007268,-0.434732,-7.825732,-5.894732,-2.151732,-6.648732,-0.721732,-1.682732,1.576268,-6.445732,5.829268,6.323268,3.806268,5.210268,0.550268,1.477268,0
0.164268,-4.393732,0.890268,0.291268,-2.526732,-2.640732,-4.956732,0.618268,1.171268,-5.605732,3.115268,0.868268,-2.986732,5.540268,-0.026732,-0.941732,-2.617732,-2.508732,4.080268,5.007268,-0.706732,2.030268,2.847268,2.681268,1.275268,1.271268,-6.007732,-3.217732,1.800268,3.107268,2.886268,6.281268,0
-0.293732,3.195268,-0.550732,6.734268,4.104268,1.129268,-4.085732,-0.166732,4.235268,5.847268,-4.656732,-2.538732,5.757268,-1.502732,-5.514732,-0.096732,4.783268,0.257268,-0.999732,-6.419732,5.655268,0.039268,-2.322732,-6.749732,0.120268,-5.289732,6.813268,1.178268,1.022268,-0.393732,-8.492732,-0.969732,0
-19.581732,0.825268,3.840268,-1.484732,5.594268,-0.592732,-10.274732,3.843268,-3.655732,-4.483732,3.111268,-1.881732,-2.586732,0.914268,2.112268,-1.654732,3.744268,4.179268,-3.849732,1.774268,1.746268,7.457268,-0.621732,-1.090732,3.949268,2.761268,-2.914732,2.590268,8.677268,6.299268,-6.497732,-0.477732,0
0.287268,-9.092732,-5.765732,5.807268,-3.172732,0.181268,-0.889732,-0.837732,-7.535732,2.082268,5.213268,3.175268,-6.990732,2.018268,-4.104732,3.006268,-6.536732,-1.908732,0.637268,8.314268,-4.291732,-5.597732,2.482268,5.288268,6.010268,1.315268,6.432268,0.386268,2.516268,-1.564732,0.029268,-2.602732,0
-0.622732,-2.491732,11.547268,6.759268,-3.227732,-1.655732,7.195268,0.187268,-0.779732,-3.325732,12.115268,-0.548732,6.831268,-6.248732,7.523268,-1.256732,-3.692732,0.876268,1.560268,-3.258732,-6.103732,-0.698732,-1.441732,-4.114732,8.786268,-0.087732,-6.690732,3.937268,2.354268,4.031268,-4.559732,6.403268,0
1.063268,4.773268,-2.019732,4.372268,-0.650732,3.844268,2.223268,0.231268,-3.557732,1.049268,-3.355732,7.734268,-2.154732,3.229268,1.201268,-0.756732,1.736268,-0.335732,3.348268,-7.722732,-5.803732,-1.732732,3.009268,-1.531732,8.435268,-5.564732,4.314268,-5.310732,1.338268,8.866268,0.499268,10.578268,0
-4.817732,1.072268,8.816268,-2.899732,7.361268,-0.155732,6.759268,-5.985732,-3.228732,4.379268,-4.661732,-5.814732,3.713268,-3.146732,1.459268,2.241268,3.876268,4.717268,2.556268,-4.064732,-1.688732,-3.106732,3.517268,-2.268732,-2.728732,-1.479732,0.714268,-1.313732,-4.282732,-3.300732,3.245268,-2.812732,0
4.539268,6.729268,-2.697732,8.711268,1.088268,6.425268,11.456268,-3.058732,2.046268,15.997268,0.399268,17.115268,1.463268,-3.405732,3.623268,-0.788732,18.726268,6.223268,0.120268,-1.630732,0.499268,2.620268,0.199268,3.322268,4.371268,10.233268,3.601268,3.161268,-3.343732,1.305268,0.919268,1.727268,0
6.030268,11.877268,2.663268,4.246268,0.041268,0.448268,-7.090732,-4.593732,-4.233732,-8.659732,-1.168732,-3.552732,-0.083732,3.281268,3.499268,-1.904732,-1.036732,9.373268,-4.687732,-6.135732,-3.948732,2.674268,1.857268,-1.530732,5.174268,-7.095732,-2.214732,-5.846732,4.808268,1.307268,-0.895732,2.394268,0
0.368268,-2.909732,-0.965732,4.685268,9.059268,4.253268,0.586268,2.397268,7.767268,4.891268,-2.477732,4.242268,1.637268,0.921268,4.320268,1.209268,2.355268,6.707268,2.259268,-5.160732,-0.516732,3.705268,-4.001732,-2.159732,8.162268,-4.097732,0.201268,7.306268,-6.880732,5.064268,7.407268,-5.552732,0
-1.393732,4.545268,9.795268,7.528268,2.535268,-5.882732,1.197268,7.544268,0.400268,-6.173732,7.765268,2.877268,7.199268,-15.901732,-5.202732,7.036268,-8.210732,2.392268,-3.732732,3.449268,7.359268,-3.975732,3.513268,-3.860732,-0.867732,-2.122732,4.881268,0.101268,5.542268,-0.560732,3.103268,-0.970732,0
-6.057732,-4.377732,2.185268,0.116268,7.213268,5.650268,21.387268,-1.786732,4.202268,-1.617732,-1.040732,-2.059732,2.199268,-0.504732,-0.493732,6.104268,2.540268,-2.122732,-0.474732,-4.352732,3.765268,3.290268,3.768268,4.175268,11.190268,4.068268,1.159268,-6.357732,6.943268,1.682268,-0.109732,6.030268,0
0.953268,-1.641732,1.755268,-2.559732,3.863268,-2.190732,-4.655732,-5.235732,9.721268,3.259268,-14.574732,5.375268,1.827268,3.954268,-0.504732,-4.352732,-0.741732,4.742268,-0.394732,1.258268,-10.906732,4.166268,-3.516732,-2.583732,8.040268,3.872268,0.410268,0.846268,-3.973732,0.085268,2.542268,-2.080732,0
-4.865732,0.428268,5.630268,1.270268,2.662268,3.243268,3.411268,3.576268,-3.287732,1.230268,-1.679732,3.410268,0.699268,8.557268,0.147268,-2.454732,-5.017732,6.184268,-2.171732,2.809268,11.772268,4.049268,0.984268,4.522268,6.637268,-3.367732,-0.547732,1.195268,-1.261732,-2.166732,7.774268,-3.615732,0
7.505268,-0.614732,0.682268,3.438268,-1.647732,2.860268,8.075268,-0.182732,-5.393732,2.639268,1.117268,3.997268,2.572268,-1.995732,-1.455732,-4.254732,6.654268,10.659268,0.994268,3.346268,6.402268,2.344268,-0.202732,-0.720732,9.318268,-2.033732,4.079268,0.322268,-2.976732,-2.868732,-4.939732,-5.627732,0
-8.530732,4.037268,7.028268,1.667268,-3.503732,0.864268,-3.508732,7.740268,2.946268,2.440268,1.413268,-1.535732,-5.489732,2.141268,-7.332732,0.787268,-0.050732,5.320268,8.433268,19.855268,5.869268,1.778268,6.398268,-9.768732,8.862268,-1.930732,5.324268,-0.393732,-4.609732,1.801268,-2.029732,-7.457732,0
1.063268,0.931268,-1.481732,7.288268,3.099268,-2.625732,-3.538732,2.886268,5.276268,2.654268,-0.441732,1.103268,-1.132732,-1.090732,4.256268,3.321268,3.161268,9.706268,-3.127732,2.257268,2.136268,-0.676732,-5.671732,2.293268,4.423268,14.111268,-3.266732,-3.643732,4.274268,4.212268,8.847268,-4.000732,0
-0.291732,2.449268,3.689268,4.333268,2.940268,-0.643732,2.236268,3.407268,3.580268,1.906268,4.311268,-4.936732,-3.601732,1.104268,-3.370732,-2.747732,-1.139732,5.167268,-18.560732,5.265268,0.537268,1.311268,2.243268,2.940268,6.016268,-3.972732,1.001268,2.867268,-1.631732,19.946268,-3.950732,3.019268,0
6.253268,-3.122732,-5.329732,-6.923732,2.843268,3.367268,1.652268,8.949268,10.088268,5.034268,1.950268,0.965268,6.521268,-7.650732,2.376268,-6.910732,6.716268,-3.928732,3.732268,-2.083732,-3.471732,-3.912732,3.953268,-4.631732,6.226268,-2.737732,1.080268,3.628268,2.712268,-11.113732,4.986268,-1.187732,0
-8.052732,17.625268,5.871268,1.100268,-8.710732,5.149268,-3.223732,-1.292732,-8.344732,-12.230732,1.054268,-22.371732,-0.887732,-4.227732,-0.113732,-5.506732,2.796268,-2.753732,0.771268,2.929268,-3.085732,1.769268,4.942268,-5.393732,12.700268,-1.239732,0.752268,3.667268,-1.397732,0.507268,-6.945732,-0.577732,1
-3.554732,-3.152732,-2.036732,-7.400732,-2.643732,-5.283732,-3.722732,5.511268,1.805268,-0.209732,0.088268,-4.977732,-0.532732,3.395268,-5.320732,12.573268,3.303268,1.649268,3.252268,0.654268,-3.469732,-8.791732,1.294268,-5.622732,6.065268,0.697268,3.465268,-9.021732,-5.874732,-4.863732,0.522268,6.845268,1
-3.122732,0.656268,-2.027732,-0.924732,2.676268,-2.374732,-3.984732,2.803268,3.184268,-1.054732,-1.441732,-12.469732,3.061268,-3.177732,5.088268,-8.608732,-5.076732,1.628268,-3.370732,-3.344732,-6.171732,1.429268,7.061268,3.160268,-12.648732,-2.914732,0.575268,4.908268,0.417268,1.615268,-5.032732,2.094268,1
-1.562732,2.534268,1.700268,8.628268,-0.446732,-1.469732,-4.521732,2.058268,-4.897732,-0.064732,1.747268,-3.050732,3.497268,-5.497732,3.626268,3.522268,-7.634732,1.326268,-1.152732,0.813268,-1.441732,2.196268,-4.324732,6.378268,8.827268,-12.642732,4.499268,3.871268,-6.490732,-1.509732,-4.023732,-0.496732,1
-2.088732,4.739268,-12.623732,-0.544732,0.950268,1.677268,-4.398732,4.402268,1.236268,-7.641732,-0.585732,0.813268,-1.819732,2.856268,-0.800732,6.943268,-0.364732,6.842268,-10.008732,-1.382732,-12.482732,1.760268,-7.745732,2.522268,-6.371732,-0.591732,-2.096732,2.201268,3.274268,6.752268,6.403268,1.053268,1
0.595268,-6.806732,-1.794732,1.968268,13.059268,-4.367732,-4.180732,5.239268,-7.127732,-0.701732,-5.158732,-1.029732,-5.737732,-11.474732,2.488268,4.349268,-4.886732,-2.047732,-1.018732,9.333268,-9.683732,-3.342732,-1.615732,-2.655732,-8.444732,-0.792732,0.399268,-2.517732,-0.776732,4.099268,-3.598732,6.238268,1
-18.051732,-6.264732,0.414268,-4.260732,-0.402732,-10.557732,-3.640732,-2.478732,-1.995732,-5.047732,2.824268,-0.761732,1.325268,0.324268,-2.130732,-2.071732,-4.394732,0.916268,0.918268,11.572268,-6.450732,-11.666732,3.057268,0.123268,3.146268,4.107268,2.022268,-4.578732,-0.051732,-7.704732,-6.829732,0.251268,1
-7.078732,-2.396732,2.694268,-10.793732,4.598268,-9.184732,-3.851732,-6.844732,3.607268,-0.045732,0.410268,-4.028732,-2.828732,-3.471732,-2.921732,1.620268,9.654268,3.485268,-2.312732,-2.687732,2.902268,0.620268,-2.483732,-9.632732,-2.657732,-6.515732,-0.453732,1.732268,0.202268,-1.221732,-0.378732,6.141268,1
-4.969732,-0.404732,-6.793732,-1.428732,8.763268,-2.505732,1.821268,-4.005732,-0.395732,-1.423732,-4.515732,-4.538732,2.451268,0.115268,-3.762732,-5.206732,2.591268,-4.838732,-9.990732,0.055268,2.324268,-0.225732,-1.566732,3.347268,-2.633732,2.791268,4.380268,3.569268,-5.451732,-0.303732,-0.379732,2.149268,1
-4.251732,-10.467732,-2.545732,-2.606732,2.454268,-0.686732,1.754268,-2.380732,1.972268,8.051268,-3.731732,2.737268,-6.692732,0.182268,-2.381732,2.281268,-5.053732,-1.969732,-6.240732,6.599268,-5.135732,5.403268,-0.058732,-6.585732,0.535268,4.284268,-4.860732,-2.378732,2.121268,-0.537732,-4.170732,1.194268,1
-3.462732,3.096268,-2.718732,-5.599732,2.671268,1.561268,-3.722732,-3.437732,-6.417732,-4.678732,-3.804732,1.054268,-3.143732,-4.595732,-4.273732,-2.405732,-3.095732,2.370268,-1.207732,-19.757732,7.974268,0.978268,-10.054732,-7.998732,2.742268,-0.402732,-6.184732,-4.416732,-9.552732,-2.217732,-0.834732,-1.914732,1
-3.929732,-2.868732,7.397268,-0.679732,3.632268,-0.191732,3.460268,-3.325732,3.699268,-6.407732,1.013268,-4.608732,-7.933732,-0.806732,0.806268,-7.491732,-0.433732,-1.914732,-2.948732,-5.894732,4.600268,-1.329732,3.574268,-0.271732,0.466268,-4.371732,-8.585732,-0.607732,0.614268,-10.609732,-0.838732,0.239268,1
-7.663732,-0.259732,-1.287732,-5.906732,-2.243732,5.827268,0.192268,-2.041732,3.601268,-5.686732,-0.660732,-8.884732,0.982268,18.662268,1.083268,8.035268,7.620268,-3.812732,-6.224732,-4.989732,1.682268,-2.848732,3.358268,-3.074732,-6.243732,-4.285732,9.232268,-1.607732,-5.413732,0.274268,-5.146732,6.921268,1
0.414268,-11.977732,3.007268,-3.786732,-2.197732,-1.276732,-2.770732,-11.661732,-2.017732,4.695268,-1.107732,0.814268,5.263268,-4.013732,-1.559732,-9.315732,-2.098732,0.423268,-3.107732,2.446268,-1.469732,1.651268,-8.898732,2.724268,-4.561732,1.622268,3.842268,-5.028732,5.850268,-2.678732,-1.085732,-0.458732,1
-4.600732,5.302268,5.810268,-0.159732,3.293268,2.532268,-7.617732,-8.356732,3.583268,-7.258732,3.360268,-5.638732,0.073268,-1.007732,-4.566732,-8.064732,-0.813732,-3.926732,10.066268,-14.790732,12.892268,3.649268,0.444268,-0.903732,-5.359732,-0.698732,-1.889732,-2.913732,1.227268,-0.762732,4.142268,0.681268,1
1.875268,2.201268,4.150268,-0.068732,-5.389732,-0.621732,2.488268,1.097268,-7.658732,5.552268,1.182268,3.266268,-0.401732,-5.400732,0.976268,-5.980732,-3.744732,4.864268,1.366268,-6.024732,1.879268,-8.919732,-4.566732,4.010268,3.078268,3.500268,0.680268,-2.003732,6.976268,6.502268,-6.197732,-15.742732,1
2.962268,1.546268,-3.517732,1.776268,-3.814732,2.833268,-7.757732,0.789268,8.105268,-12.505732,-0.901732,-2.537732,2.978268,-5.867732,-9.162732,-3.740732,1.395268,-1.301732,0.927268,-6.184732,-3.275732,-0.732732,3.788268,-5.253732,-4.696732,-7.440732,-5.086732,-0.653732,-5.574732,-19.807732,-5.619732,2.539268,1
-1.104732,-3.329732,0.989268,18.410268,-7.565732,-12.411732,2.813268,-2.543732,-1.047732,-5.603732,0.954268,-1.538732,-3.227732,6.683268,-1.162732,0.222268,17.421268,-1.294732,2.179268,-1.346732,-5.786732,-3.104732,-5.686732,-2.157732,0.378268,-1.130732,5.592268,3.880268,-3.305732,5.502268,11.125268,-0.039732,1
-3.893732,6.922268,0.428268,3.643268,-2.566732,-8.709732,3.211268,-5.834732,0.186268,-22.003732,9.907268,1.203268,3.474268,-10.447732,-7.091732,11.382268,-2.568732,-1.870732,-0.750732,-3.363732,-3.289732,2.829268,1.555268,0.691268,1.246268,2.726268,-5.150732,-5.892732,-0.875732,-7.660732,-7.112732,-5.804732,1
-12.826732,-8.280732,3.386268,-1.524732,-1.640732,-8.037732,0.622268,4.734268,-3.706732,-1.533732,1.184268,1.152268,-4.549732,-4.619732,-3.496732,-13.037732,8.249268,5.929268,-11.444732,-4.768732,-1.123732,-5.929732,2.838268,-2.899732,-3.000732,4.579268,-5.062732,-7.524732,-2.756732,2.609268,-7.039732,-2.680732,1
7.690268,-0.116732,-6.350732,1.965268,-2.981732,-2.339732,1.011268,-6.220732,-0.224732,-2.111732,-2.427732,-7.112732,-4.570732,-1.518732,-4.663732,7.826268,2.434268,-9.085732,0.757268,1.266268,-2.941732,4.810268,3.043268,5.377268,3.746268,-6.685732,-8.912732,4.042268,0.920268,5.908268,0.027268,-3.594732,1
1.335268,6.527268,-10.159732,2.288268,-3.244732,1.240268,-1.029732,-0.402732,-3.021732,8.667268,4.140268,-1.899732,-4.359732,4.082268,0.712268,0.971268,-9.739732,-6.602732,-10.281732,-0.802732,-1.980732,-6.597732,0.960268,-1.397732,-4.307732,-2.596732,4.293268,-0.235732,-4.093732,-4.501732,-2.696732,-0.191732,1
-5.219732,-4.379732,9.460268,-3.366732,-0.878732,0.659268,0.036268,-5.286732,-10.189732,-13.022732,-1.399732,2.550268,1.294268,-5.913732,0.958268,0.744268,0.997268,-0.160732,0.199268,-6.509732,-1.760732,-4.674732,-0.711732,0.580268,-0.085732,-9.825732,-1.969732,-1.591732,-3.682732,-8.821732,-2.872732,-0.099732,1
-1.586732,4.669268,1.028268,-3.175732,1.298268,-2.687732,-0.699732,-6.081732,-2.378732,-3.463732,-8.422732,16.797268,-11.621732,-2.447732,-4.006732,1.357268,6.883268,-1.018732,-3.390732,-0.365732,-3.412732,-6.749732,6.370268,-5.484732,4.692268,5.393268,1.398268,5.179268,0.958268,-1.983732,3.233268,3.060268,1
1.730268,-8.352732,3.699268,-2.131732,12.190268,1.091268,-5.120732,-5.840732,-2.739732,-3.835732,1.198268,5.149268,1.421268,-0.642732,0.532268,0.724268,-0.015732,-2.814732,1.475268,11.232268,5.110268,0.860268,-3.115732,-2.653732,5.083268,-0.200732,-4.468732,-2.352732,5.829268,-2.195732,-2.037732,3.875268,1
-5.929732,1.245268,0.132268,0.266268,3.291268,-3.134732,-0.439732,10.422268,-1.895732,4.594268,-6.670732,3.052268,-6.571732,-3.002732,5.069268,-6.765732,-5.039732,-7.398732,4.440268,1.217268,1.246268,9.856268,5.436268,3.197268,0.487268,0.879268,2.504268,-2.713732,8.219268,-3.284732,-1.846732,1.700268,1
-0.239732,1.746268,0.404268,7.814268,-0.234732,1.449268,1.619268,0.222268,4.621268,-7.173732,-3.372732,3.033268,0.123268,-4.471732,-5.883732,-0.026732,0.329268,0.895268,-7.682732,-1.279732,1.193268,0.357268,-5.673732,-4.433732,7.194268,4.457268,7.322268,1.871268,-4.423732,-1.664732,4.987268,-5.540732,1
2.363268,-8.892732,-8.628732,-10.693732,-5.642732,-0.055732,1.238268,8.190268,-6.052732,-3.123732,5.071268,3.915268,2.024268,9.522268,6.492268,1.981268,3.450268,-0.363732,-2.093732,-7.108732,-4.304732,-4.080732,0.724268,-5.506732,-0.551732,3.140268,7.836268,-4.636732,-2.545732,-0.364732,-3.315732,-1.093732,1
-5.644732,-1.695732,-2.986732,-7.929732,1.093268,-13.495732,0.816268,0.879268,-6.088732,-0.968732,-1.300732,-0.062732,3.079268,21.009268,-2.869732,-1.736732,-7.806732,-6.643732,6.755268,-6.721732,-3.593732,0.392268,-4.857732,4.075268,-6.507732,9.643268,1.965268,0.381268,-0.189732,1.540268,-7.879732,-3.351732,1
-0.115732,1.133268,-8.303732,-1.555732,-4.601732,0.459268,-0.317732,-2.961732,-7.086732,-1.454732,4.489268,0.265268,-0.406732,4.239268,-4.202732,2.057268,11.188268,-14.518732,-0.150732,-9.358732,-7.478732,-6.113732,-3.502732,3.402268,-0.111732,4.811268,-0.254732,-1.970732,-5.927732,-6.987732,-6.549732,-12.722732,1
-4.473732,-1.462732,3.118268,-3.553732,3.703268,4.835268,-18.191732,-2.954732,6.749268,3.417268,1.882268,-0.591732,-1.863732,-4.801732,-3.184732,-5.326732,6.725268,2.448268,2.787268,-5.206732,-9.130732,-9.924732,3.443268,2.514268,4.531268,2.614268,-2.920732,-4.252732,-1.270732,-7.325732,-1.283732,-3.263732,1
2.678268,2.832268,5.339268,5.071268,10.865268,3.087268,-6.687732,2.784268,-1.294732,-0.849732,0.529268,3.143268,7.953268,-2.209732,-4.067732,0.550268,-2.535732,-1.236732,-1.522732,-1.981732,-13.688732,0.574268,0.639268,8.755268,-7.867732,-3.290732,3.003268,2.981268,1.571268,7.186268,5.013268,6.906268,1
2.721268,-1.235732,-10.931732,0.925268,1.940268,-0.048732,-12.400732,-5.486732,2.901268,-1.324732,-3.893732,-5.879732,-6.897732,-7.485732,4.235268,-2.903732,2.967268,-6.306732,5.534268,0.049268,-2.871732,-1.272732,4.147268,-7.730732,5.061268,-5.151732,1.998268,-7.464732,7.003268,5.152268,14.729268,-0.208732,1
-9.368732,1.262268,-2.200732,-3.448732,3.247268,-8.436732,-1.333732,6.185268,-2.370732,-4.873732,5.277268,-5.757732,3.102268,-3.170732,-2.735732,0.353268,1.397268,-1.250732,-5.422732,4.101268,5.910268,-5.179732,9.713268,-3.716732,9.700268,-5.642732,-15.471732,0.397268,5.288268,12.714268,3.360268,6.755268,1
12.509268,-4.874732,-1.124732,-4.440732,-19.705732,4.454268,-9.542732,-3.720732,2.099268,1.945268,1.535268,-17.391732,3.957268,-3.882732,4.389268,-0.635732,3.460268,2.054268,8.571268,6.815268,-6.408732,1.205268,5.424268,-8.028732,0.050268,10.347268,-3.877732,-1.819732,-2.280732,-4.412732,-1.838732,-6.373732,1
1.631268,-3.671732,0.584268,-2.527732,5.677268,-0.719732,9.015268,-9.290732,1.296268,-1.377732,3.924268,-0.586732,-7.865732,-4.544732,-1.723732,-0.786732,4.426268,-8.791732,0.037268,2.742268,5.302268,-3.967732,4.378268,-7.115732,-1.708732,-0.403732,2.581268,-0.757732,-3.726732,-1.580732,-2.290732,6.636268,1
0.978268,-0.671732,0.058268,-6.920732,-2.752732,0.092268,2.485268,2.772268,-0.109732,3.625268,0.950268,-4.355732,2.908268,-0.255732,2.756268,-2.145732,-1.791732,5.593268,2.258268,-11.423732,1.253268,-6.409732,-3.432732,-1.368732,5.117268,-6.422732,-0.260732,-0.384732,0.849268,-6.967732,-4.016732,0.504268,1
-4.479732,19.846268,-3.923732,0.985268,2.060268,-1.913732,-3.710732,-1.261732,5.600268,1.157268,-1.136732,-0.397732,5.435268,-3.415732,7.206268,-0.482732,7.488268,-3.712732,0.676268,-1.197732,3.598268,2.343268,-1.121732,-3.925732,-10.726732,-2.296732,-3.739732,4.529268,-7.860732,-0.457732,-2.532732,-1.704732,1
0.002268,-11.558732,2.384268,0.494268,1.319268,2.195268,6.320268,-6.714732,-5.539732,7.445268,-1.355732,-3.383732,0.363268,-8.083732,3.447268,-1.730732,-1.156732,-0.619732,-1.606732,5.107268,8.674268,-0.669732,-2.764732,17.101268,1.774268,-2.993732,-6.391732,-0.761732,-1.461732,1.148268,-3.053732,1.431268,1
-0.413732,-2.740732,1.804268,0.694268,-1.254732,-3.116732,-1.723732,-5.862732,-2.373732,5.872268,-0.124732,-3.429732,1.975268,-15.527732,-4.744732,3.887268,4.351268,-1.748732,-6.272732,4.921268,-3.947732,-5.825732,0.206268,-5.011732,0.038268,5.845268,-0.977732,-8.071732,4.032268,-0.865732,-2.491732,-11.037732,1
-5.821732,6.962268,-0.520732,-3.460732,-1.462732,-1.373732,-6.474732,-6.089732,3.848268,19.635268,4.119268,2.665268,-2.441732,0.953268,-2.199732,0.156268,-2.145732,-3.101732,4.428268,8.043268,6.362268,2.112268,-5.239732,-5.995732,-1.338732,4.740268,-9.228732,-3.459732,-3.906732,4.447268,1.929268,7.785268,1
-2.283732,-2.103732,2.228268,1.735268,-0.314732,-2.193732,0.064268,-4.647732,-4.295732,-0.601732,1.688268,2.210268,-7.571732,-5.125732,-3.924732,-5.782732,-2.613732,-3.957732,2.498268,6.687268,-2.763732,6.919268,-0.105732,-6.629732,0.687268,-0.904732,-6.974732,-7.812732,-3.532732,1.866268,-3.541732,-7.746732,1
-1.979732,2.834268,-7.157732,-7.189732,-2.965732,-3.998732,-5.241732,3.037268,3.723268,-2.139732,-11.543732,-4.706732,0.875268,-1.962732,-19.887732,0.603268,-2.012732,0.766268,1.069268,-6.357732,0.424268,-6.184732,-3.532732,3.144268,-3.503732,-7.436732,-0.128732,-4.556732,-1.708732,-2.560732,5.226268,-0.396732,1
-1.026732,0.144268,4.505268,-4.250732,-1.840732,0.048268,5.077268,4.794268,-5.408732,2.175268,7.828268,1.824268,3.094268,-1.584732,9.348268,-4.865732,-1.312732,-3.469732,-5.723732,-5.356732,0.249268,-3.090732,17.755268,6.197268,-2.477732,-2.593732,-4.236732,-5.125732,4.348268,-3.926732,-2.164732,-5.353732,1
-3.378732,0.240268,-6.663732,-2.083732,-3.502732,-3.025732,2.938268,-0.502732,0.935268,-1.266732,7.453268,0.169268,-3.217732,-1.289732,0.199268,3.198268,-1.041732,1.688268,-3.153732,9.470268,-5.828732,-3.259732,-2.910732,0.043268,2.473268,-8.526732,-1.322732,-2.730732,-5.564732,-5.605732,0.579268,-8.041732,1
6.381268,1.537268,-4.400732,8.928268,-0.594732,-3.678732,-7.039732,4.978268,-4.861732,-2.596732,1.239268,-4.354732,21.016268,-7.973732,0.823268,6.713268,-1.868732,5.412268,-5.848732,5.933268,4.575268,-7.018732,2.516268,-7.390732,2.572268,-7.498732,1.702268,-3.000732,-1.458732,-4.731732,-4.356732,0.592268,1
-5.518732,-1.584732,-1.708732,-10.025732,0.957268,8.333268,-2.505732,-11.854732,0.695268,-1.497732,-2.806732,1.003268,-0.380732,1.198268,-1.387732,-10.203732,-2.148732,10.751268,1.171268,4.647268,-2.686732,0.363268,4.870268,0.370268,-4.990732,4.430268,-3.284732,5.841268,-5.499732,-7.599732,-22.539732,5.387268,1
0.667268,1.895268,-1.722732,-11.674732,-0.415732,2.720268,3.381268,4.539268,-3.188732,-4.701732,7.180268,2.940268,9.648268,4.523268,0.749268,-0.102732,-3.386732,2.298268,-3.350732,-2.288732,-2.779732,-8.008732,0.239268,-2.966732,-2.623732,-2.220732,16.255268,6.988268,-3.878732,-2.210732,1.751268,0.731268,1
-0.402732,-2.315732,-2.298732,0.246268,-3.167732,-2.328732,-7.058732,-1.955732,-9.407732,-1.347732,-3.765732,-0.987732,2.651268,-8.312732,1.947268,1.227268,-5.399732,-0.448732,-11.625732,-1.726732,7.956268,-3.047732,-0.515732,2.207268,-3.229732,1.335268,2.831268,-0.639732,1.961268,-3.907732,5.736268,-4.778732,1
3.246268,-1.414732,1.215268,3.730268,1.770268,-0.907732,7.722268,-0.719732,-1.123732,3.092268,0.041268,-5.513732,-10.248732,0.133268,0.120268,7.233268,0.092268,-0.203732,-2.174732,0.096268,-7.744732,4.907268,-1.419732,8.049268,-12.208732,5.283268,0.783268,-6.203732,2.619268,-7.266732,-3.078732,-2.817732,1
-1.091732,0.894268,-1.211732,4.175268,-3.226732,2.245268,6.240268,6.277268,2.681268,-3.831732,-9.445732,-2.579732,-8.383732,8.283268,5.202268,-6.247732,0.817268,-4.476732,-6.762732,7.037268,4.420268,1.894268,-3.946732,-1.708732,-1.716732,1.374268,0.665268,-5.122732,-1.917732,-1.923732,1.840268,-6.678732,1
1.049268,-0.187732,-5.646732,-5.327732,-0.481732,-3.124732,3.953268,-2.515732,-4.826732,0.124268,2.799268,2.685268,4.029268,1.379268,5.767268,-2.603732,-5.604732,-7.510732,0.188268,-0.116732,-16.076732,0.780268,-3.315732,-5.807732,0.611268,4.698268,-5.143732,-1.801732,5.918268,1.398268,2.761268,0.765268,1
-1.083732,-7.326732,2.435268,-0.392732,-3.854732,0.096268,-0.459732,-15.001732,7.659268,-4.673732,1.836268,-4.591732,-1.107732,5.767268,-4.345732,-0.343732,3.048268,-3.109732,-2.957732,-1.328732,2.551268,7.084268,6.431268,-0.773732,4.199268,-1.914732,-5.725732,-4.120732,-5.280732,-0.125732,3.653268,-3.314732,1
-0.591732,-0.326732,-1.310732,-1.983732,-0.264732,-3.523732,3.014268,-1.428732,-0.856732,-0.337732,-4.394732,-4.318732,-9.043732,2.374268,2.008268,-1.241732,9.020268,-3.432732,-4.708732,-10.637732,3.028268,2.843268,3.196268,-6.915732,3.182268,-2.011732,-1.303732,-2.166732,-4.631732,5.841268,-0.386732,2.073268,1
8.300268,-9.811732,-4.809732,-6.940732,4.984268,-2.808732,-7.906732,1.616268,-0.695732,-5.452732,5.592268,-6.074732,-6.028732,-0.406732,1.402268,-3.512732,1.766268,-2.811732,-5.131732,4.182268,-1.875732,0.549268,1.467268,2.171268,-6.148732,-1.328732,0.524268,-1.775732,-1.418732,-3.923732,1.232268,0.084268,1
1.207268,6.367268,0.553268,-2.310732,-3.541732,1.445268,-3.182732,-12.251732,-2.040732,-8.068732,-0.901732,-2.682732,-1.702732,0.306268,-2.429732,-0.273732,-2.477732,-12.036732,3.550268,-3.194732,1.885268,0.920268,2.555268,5.174268,1.287268,5.378268,3.490268,8.123268,-4.486732,-4.472732,0.511268,-15.404732,1
0.901268,2.229268,-7.280732,-5.953732,0.712268,-4.540732,2.227268,-11.309732,-7.953732,-2.592732,-3.072732,2.732268,-5.226732,0.034268,0.473268,2.931268,7.044268,6.071268,0.832268,7.040268,0.047268,6.353268,-8.948732,-6.265732,1.079268,2.614268,-5.996732,6.321268,3.668268,4.041268,1.183268,5.856268,1
3.105268,-4.133732,-7.853732,-13.225732,-1.484732,-3.668732,-5.061732,-0.057732,-1.290732,-5.056732,1.963268,3.061268,-3.796732,3.473268,2.584268,-3.988732,1.018268,2.591268,3.550268,2.936268,-5.660732,-3.630732,-1.400732,-7.339732,-6.891732,-9.858732,-2.243732,-1.934732,1.088268,1.160268,-4.100732,-3.162732,1
-0.168732,-0.535732,-2.989732,3.090268,-0.143732,0.928268,2.290268,6.679268,0.158268,2.961268,1.788268,-2.559732,2.296268,-1.246732,-7.136732,4.227268,0.266268,-3.218732,2.900268,-3.010732,-10.792732,3.377268,0.887268,-1.071732,-1.858732,-5.289732,-1.807732,3.781268,-1.483732,5.819268,8.367268,-6.294732,1
-4.799732,1.041268,-2.698732,-4.510732,-0.084732,-0.137732,4.264268,-1.113732,2.978268,-1.887732,-1.829732,-0.829732,6.918268,-7.488732,-1.104732,-7.306732,3.469268,1.509268,-0.870732,0.468268,3.670268,6.732268,-6.400732,2.266268,-9.164732,2.126268,2.603268,-5.711732,-1.862732,2.418268,4.541268,-1.189732,1
-0.198732,4.456268,-3.524732,4.418268,-6.426732,-8.194732,-4.107732,20.661268,0.567268,4.335268,4.322268,-0.715732,1.680268,-12.241732,-3.368732,-5.040732,1.726268,5.961268,-3.054732,1.258268,-4.454732,5.066268,-11.911732,-2.239732,3.527268,-22.890732,4.280268,-8.744732,-0.767732,4.416268,-7.029732,8.242268,1
-1.831732,0.947268,-11.736732,-3.337732,18.080268,-6.063732,-5.621732,-2.119732,-4.740732,-2.885732,3.751268,-1.105732,-0.787732,6.610268,-7.950732,-5.801732,-2.538732,3.017268,2.396268,0.718268,0.651268,3.412268,2.958268,-1.118732,5.317268,-7.622732,-4.645732,-8.211732,-2.287732,-5.550732,5.299268,4.537268,1
-0.193732,-0.204732,-9.872732,2.636268,2.315268,-5.604732,-21.250732,-5.207732,2.746268,-7.099732,2.508268,-1.124732,-7.743732,-5.689732,4.834268,-2.304732,4.611268,1.184268,-2.567732,3.137268,-2.906732,2.949268,9.609268,-0.835732,-2.569732,1.049268,6.504268,-2.533732,-4.338732,-6.082732,-5.204732,-2.140732,1
0.044268,4.086268,3.818268,2.208268,-0.869732,-2.937732,2.922268,6.833268,-1.507732,3.600268,1.094268,5.527268,-9.090732,0.468268,-3.139732,5.002268,5.607268,-0.064732,2.266268,-1.786732,-0.325732,5.192268,-1.169732,3.716268,-0.115732,-3.170732,-3.937732,6.413268,-2.796732,-1.382732,-5.942732,-7.241732,1
-2.898732,-2.434732,-1.335732,-0.602732,-0.588732,7.804268,-1.844732,1.120268,-4.861732,-3.368732,1.968268,5.153268,3.424268,-1.282732,1.863268,4.598268,2.302268,0.463268,8.137268,2.040268,-4.758732,-7.508732,-10.534732,3.120268,0.397268,0.206268,4.700268,-3.364732,3.167268,0.160268,-4.906732,-5.206732,1
-3.507732,-3.986732,-5.949732,-6.407732,-8.146732,-7.654732,8.995268,3.460268,-4.142732,3.453268,-5.859732,-2.914732,-2.918732,5.079268,-6.453732,-4.068732,-7.102732,-1.449732,-2.890732,-0.089732,-7.280732,-0.609732,4.356268,-1.050732,-8.658732,-6.110732,-1.861732,-0.643732,-2.578732,2.906268,-4.666732,-6.937732,1
-5.925732,2.908268,-2.357732,-2.691732,-2.367732,-2.779732,5.548268,0.144268,3.261268,-4.191732,1.164268,-6.936732,-5.093732,-0.692732,-1.032732,-3.843732,-2.571732,-1.303732,1.528268,2.375268,-0.681732,0.729268,-6.127732,2.934268,3.945268,-2.533732,-0.207732,1.598268,9.919268,-0.067732,3.423268,5.795268,1
-4.791732,-8.260732,0.622268,0.420268,0.736268,-2.089732,-3.894732,-5.904732,-5.640732,7.769268,0.188268,-0.397732,-0.678732,0.510268,-1.035732,6.263268,2.166268,-2.446732,-2.673732,-2.979732,1.490268,-8.131732,-2.785732,-5.728732,2.471268,-1.826732,-1.693732,-1.254732,-7.018732,4.081268,1.362268,4.400268,1
-8.468732,7.173268,1.064268,-0.936732,-6.253732,2.735268,-0.325732,-1.410732,9.048268,-3.478732,-6.111732,-5.504732,-6.565732,-0.607732,1.064268,1.756268,-14.793732,2.145268,1.439268,1.315268,-4.024732,0.053268,-0.230732,-0.674732,-5.647732,-1.999732,-1.118732,11.916268,0.845268,-16.315732,4.025268,4.557268,1
3.828268,1.945268,-0.764732,-2.452732,-2.767732,-0.924732,-5.211732,3.696268,-0.019732,1.293268,-2.107732,6.394268,-3.115732,-6.583732,4.964268,-4.915732,1.324268,2.581268,-5.485732,-0.404732,0.991268,-6.617732,-4.603732,5.675268,-4.828732,2.547268,3.615268,-2.524732,-1.335732,4.523268,2.432268,0.276268,1
-0.597732,2.341268,2.699268,1.146268,-3.008732,-7.913732,-5.248732,2.463268,-0.226732,0.002268,-2.812732,-1.233732,-3.437732,-11.278732,4.913268,-2.639732,1.720268,1.117268,3.752268,5.348268,-9.085732,2.782268,-4.934732,-2.393732,-3.336732,-0.413732,-4.599732,-4.167732,-1.873732,-10.589732,1.893268,4.143268,1
5.123268,-5.903732,-2.052732,5.128268,5.145268,-2.064732,5.482268,-5.379732,-4.793732,-3.155732,-5.699732,-2.401732,4.680268,0.550268,-2.339732,4.393268,-3.608732,6.535268,6.494268,-5.829732,-2.479732,-5.058732,0.902268,-0.683732,2.468268,-2.735732,7.638268,-0.345732,-8.335732,-3.619732,3.955268,-4.706732,1
-5.666732,2.195268,-5.584732,1.387268,0.865268,-5.838732,2.065268,-10.183732,-2.011732,2.750268,0.663268,-13.876732,7.145268,-2.394732,-1.028732,-0.068732,-4.140732,-7.117732,-1.204732,3.135268,-5.764732,-9.930732,-2.360732,2.029268,1.691268,0.706268,-0.459732,1.667268,-11.461732,1.147268,-12.479732,-6.191732,1
-1.903732,-0.541732,0.080268,-1.942732,3.893268,-10.402732,-6.017732,-3.112732,2.990268,-3.528732,-7.410732,8.860268,-2.438732,0.149268,3.451268,6.160268,4.626268,8.198268,-6.752732,-0.612732,-6.385732,1.091268,1.469268,-4.584732,-10.158732,2.327268,1.974268,-3.123732,9.257268,2.800268,-2.497732,1.327268,1
-7.397732,4.698268,-5.368732,-1.700732,4.534268,-1.984732,2.477268,-4.159732,3.518268,-0.944732,-2.169732,-0.616732,0.577268,-4.783732,2.133268,-12.737732,-4.177732,12.693268,-5.925732,2.831268,-7.961732,0.955268,-0.711732,-0.383732,1.234268,-1.937732,-9.524732,0.699268,5.209268,-20.621732,1.975268,-7.493732,1
1.067268,-1.409732,-1.306732,3.679268,-3.082732,-1.912732,-2.202732,0.692268,-3.140732,-2.170732,-3.693732,-2.867732,2.809268,-4.973732,-1.335732,-1.414732,3.598268,-7.011732,1.758268,1.793268,1.994268,-6.489732,0.224268,4.969268,1.162268,5.485268,1.557268,7.738268,-5.282732,-1.059732,2.882268,-1.870732,1
-5.322732,-3.327732,0.118268,-5.491732,-2.837732,-4.490732,1.525268,-9.621732,5.144268,0.712268,-5.040732,-0.293732,-0.297732,3.791268,-0.043732,-2.064732,-1.013732,0.245268,-3.707732,-0.277732,-0.648732,-3.565732,16.741268,-6.766732,-4.982732,4.271268,-0.068732,-4.934732,-3.665732,3.151268,2.742268,-0.178732,1
-0.474732,-3.600732,-1.046732,16.114268,8.805268,-5.204732,-4.707732,5.017268,2.855268,5.467268,-3.088732,-0.440732,-4.542732,-7.212732,-2.820732,0.598268,-2.500732,6.855268,-7.756732,-8.771732,0.092268,0.601268,-5.022732,19.712268,-4.385732,-2.160732,2.098268,-2.546732,2.554268,1.512268,-1.143732,-10.028732,1
-4.280732,-2.464732,5.447268,-5.903732,-2.300732,-6.420732,-3.999732,-1.242732,1.191268,1.067268,-3.286732,4.171268,-0.880732,1.891268,-1.405732,0.299268,-2.685732,2.608268,3.095268,-5.068732,-5.818732,-7.442732,0.439268,0.595268,-3.616732,-3.005732,-7.784732,0.034268,-3.500732,7.084268,-5.922732,2.503268,1
2.756268,-2.190732,-3.442732,-0.332732,2.440268,-4.116732,4.227268,-0.976732,-4.340732,-4.204732,7.996268,-0.169732,-3.896732,0.091268,2.449268,-4.133732,8.486268,-1.459732,-0.307732,-3.026732,-9.984732,8.457268,3.121268,0.902268,-6.035732,-0.042732,-3.188732,2.288268,-22.738732,-0.831732,-3.301732,-4.409732,1
-7.993732,-1.731732,-3.570732,-2.982732,1.696268,0.988268,4.319268,-3.269732,-1.180732,1.011268,-2.832732,3.045268,-0.413732,-7.025732,5.568268,2.446268,4.930268,3.102268,0.312268,4.028268,-0.437732,-2.424732,-7.076732,-0.891732,-3.204732,1.747268,-0.829732,4.795268,-3.968732,0.599268,1.785268,-6.914732,1
-5.125732,4.031268,3.162268,-2.192732,-0.603732,-3.218732,-4.552732,-2.449732,-1.879732,6.594268,3.119268,5.509268,-2.854732,-4.866732,-4.770732,-6.669732,2.906268,-8.814732,-3.123732,-1.468732,1.699268,4.985268,5.104268,6.404268,10.246268,-0.717732,3.554268,-0.823732,-1.164732,-8.972732,2.171268,2.381268,1
-7.752732,3.020268,1.520268,5.136268,1.304268,3.481268,-11.313732,2.269268,5.010268,5.576268,0.219268,-3.358732,-8.664732,-0.988732,1.179268,2.453268,1.688268,-1.626732,0.163268,1.771268,2.445268,-6.919732,0.612268,1.361268,6.121268,-4.971732,1.748268,-3.574732,0.944268,-5.846732,1.166268,-5.103732,1
3.874268,-3.932732,1.214268,5.046268,0.422268,0.867268,-3.997732,-1.224732,0.310268,1.559268,-2.361732,1.717268,-3.256732,1.694268,-6.367732,0.136268,-0.454732,7.002268,-6.882732,-1.023732,-5.634732,0.281268,-0.252732,-0.219732,-1.531732,-3.135732,-2.638732,0.719268,2.738268,1.241268,-5.007732,6.413268,1
-5.439732,-3.246732,-2.408732,-2.022732,-2.552732,-2.029732,-4.247732,7.657268,-6.675732,1.366268,0.991268,6.436268,-5.408732,0.342268,3.279268,0.155268,0.429268,0.144268,0.093268,3.685268,-1.541732,5.245268,-2.394732,-10.027732,-3.159732,4.759268,5.829268,-1.678732,-1.186732,0.167268,-5.321732,-3.018732,1
-0.788732,-12.485732,-2.239732,5.374268,-2.725732,2.820268,-6.053732,-3.868732,0.375268,-3.840732,-1.338732,-8.079732,-0.776732,0.380268,1.124268,-2.369732,-0.945732,1.163268,-1.561732,-3.272732,-4.981732,-3.071732,1.149268,6.288268,-4.413732,0.310268,-1.906732,-2.034732,-4.700732,1.541268,-3.410732,-5.616732,1
-6.136732,-0.686732,-8.075732,-1.422732,-5.160732,-6.899732,-2.492732,-7.079732,0.403268,3.670268,-3.620732,0.720268,-1.510732,-3.186732,5.610268,2.318268,-3.787732,0.447268,2.736268,8.152268,4.225268,3.704268,2.346268,-4.146732,-2.073732,6.185268,-6.961732,-2.525732,-0.073732,-2.770732,-0.801732,3.744268,1
2.184268,-14.015732,-3.292732,-0.130732,-1.460732,-4.232732,1.181268,-1.741732,-2.688732,3.496268,3.007268,-0.509732,-0.716732,-0.503732,3.649268,-0.483732,-8.278732,1.809268,1.804268,-6.407732,0.051268,-7.062732,-6.975732,0.338268,2.707268,1.711268,5.816268,-2.004732,-5.905732,2.812268,1.464268,-5.612732,1
1.388268,-11.575732,3.064268,-3.902732,0.040268,-8.401732,4.979268,5.091268,1.294268,-2.004732,3.429268,4.416268,-1.281732,-3.376732,0.290268,-3.392732,-0.408732,-4.284732,-5.006732,-7.366732,8.350268,-6.169732,8.184268,-2.048732,-9.832732,4.494268,3.248268,0.154268,2.988268,1.142268,1.936268,-10.088732,1
-2.119732,-0.624732,-1.897732,-6.506732,-1.419732,-2.219732,-1.871732,2.011268,-6.386732,-18.103732,2.387268,-1.497732,1.956268,-3.913732,-1.365732,-10.827732,-0.442732,2.101268,-1.012732,0.751268,-5.078732,-0.969732,-0.455732,-4.662732,-6.174732,-5.195732,0.118268,-6.111732,-3.152732,1.043268,-0.584732,-5.096732,1
2.068268,0.636268,-0.066732,-6.843732,2.297268,-0.097732,-4.669732,3.749268,-1.610732,0.544268,0.059268,2.648268,1.245268,-1.651732,1.624268,-7.003732,-0.169732,6.512268,5.049268,-3.583732,-0.413732,-0.933732,1.702268,4.359268,2.933268,-1.111732,1.989268,2.702268,-8.608732,-1.279732,1.180268,-1.303732,1
-8.882732,-2.027732,-2.181732,-12.388732,-3.086732,0.296268,-5.623732,-0.376732,-3.554732,-6.572732,-4.925732,-7.241732,-1.855732,-3.919732,-1.054732,-7.616732,0.802268,-8.995732,-3.673732,0.858268,-8.333732,-1.167732,-3.819732,-6.347732,-3.854732,2.619268,5.714268,-5.825732,-0.941732,-8.182732,0.666268,-0.349732,1
-0.376732,-8.712732,-5.594732,7.233268,-1.778732,-1.790732,-0.503732,-3.799732,4.403268,11.138268,4.585268,3.329268,-1.041732,-5.514732,-0.011732,0.687268,-1.581732,-0.343732,0.119268,-6.460732,-1.209732,-1.713732,-1.272732,-7.007732,0.508268,-0.510732,-5.965732,-4.768732,1.637268,-1.141732,-2.466732,-1.690732,1
0.682268,-5.388732,6.609268,3.097268,-9.974732,-6.176732,-1.367732,-2.870732,0.150268,-2.129732,1.805268,-4.334732,3.582268,1.858268,3.958268,-11.794732,-7.443732,-1.363732,0.329268,-1.609732,1.194268,5.068268,1.463268,-2.047732,-5.444732,-3.097732,9.720268,2.784268,0.139268,-5.481732,2.265268,-7.018732,1
-1.624732,-5.200732,-5.518732,-4.647732,-5.295732,-7.624732,-3.610732,5.498268,0.080268,-5.640732,3.849268,0.950268,-3.571732,1.070268,-1.798732,-1.994732,0.240268,-0.311732,5.201268,6.580268,8.343268,5.919268,-0.748732,-2.612732,-15.395732,6.037268,-7.402732,-0.517732,4.809268,0.807268,-8.710732,-11.793732,1
0.334268,1.605268,-0.709732,6.988268,-5.125732,12.983268,1.212268,1.703268,-0.776732,2.424268,4.926268,5.765268,3.027268,-6.494732,-5.205732,-0.891732,5.406268,1.400268,3.716268,-4.634732,-3.594732,1.883268,0.721268,3.726268,1.912268,-7.899732,-8.536732,-0.854732,5.028268,0.378268,-2.830732,-4.992732,1
-1.021732,0.662268,-2.697732,2.468268,7.618268,-4.409732,-8.138732,-0.444732,4.821268,-3.983732,6.982268,-5.346732,0.685268,3.331268,2.284268,19.981268,-3.622732,3.708268,0.421268,2.883268,2.485268,-2.086732,-1.170732,7.572268,-2.546732,3.320268,2.572268,3.649268,4.466268,-4.509732,-1.220732,-0.417732,1
7.019268,-8.130732,-0.410732,-8.782732,7.749268,-2.016732,-4.353732,-4.618732,-5.300732,-10.683732,0.152268,1.278268,-0.878732,-0.911732,-1.594732,-1.927732,0.835268,-1.753732,-15.252732,3.250268,-0.027732,-1.556732,1.189268,4.327268,6.956268,4.252268,-0.975732,-6.499732,-9.382732,-2.175732,-1.493732,0.475268,1
1.003268,-5.172732,2.864268,0.454268,-7.914732,1.894268,-0.408732,-8.035732,-3.560732,-4.228732,-0.408732,4.305268,-2.702732,-5.363732,-1.939732,-10.242732,2.452268,2.234268,1.365268,-1.063732,-3.790732,1.363268,2.060268,-6.199732,-2.870732,-4.384732,2.127268,2.555268,4.614268,-2.233732,2.116268,-3.769732,1
-0.043732,-6.970732,9.243268,2.586268,-2.935732,2.698268,-4.246732,-11.940732,-1.393732,4.164268,-6.117732,-10.555732,6.705268,0.494268,-2.710732,-4.466732,-3.019732,-4.054732,3.436268,2.490268,3.549268,3.472268,-2.519732,-1.044732,5.598268,7.466268,3.538268,0.258268,2.954268,-0.215732,3.325268,8.187268,1
4.952268,-1.811732,-0.788732,-5.166732,-0.177732,2.665268,-4.911732,1.781268,4.547268,-6.502732,-1.108732,-2.272732,13.756268,2.237268,-2.197732,-2.049732,1.687268,0.166268,-1.386732,1.970268,3.345268,1.973268,-22.722732,-2.108732,5.448268,-9.036732,-3.759732,-2.831732,-0.360732,-4.843732,-6.699732,-0.557732,1
-8.195732,-2.369732,-7.984732,1.183268,2.355268,8.682268,-1.315732,-0.161732,-3.439732,-4.186732,-8.658732,-1.723732,3.104268,1.588268,4.801268,9.744268,3.484268,-10.235732,0.902268,3.969268,-0.058732,1.541268,-2.934732,-1.976732,4.958268,11.101268,3.878268,-3.792732,-4.071732,1.983268,-7.564732,9.129268,1
-6.637732,-17.822732,1.332268,-0.457732,4.877268,-4.450732,-2.042732,-0.720732,2.253268,-11.630732,0.877268,-0.804732,-0.038732,2.401268,7.492268,-0.207732,6.004268,6.007268,-2.717732,0.858268,1.726268,3.832268,3.148268,-8.581732,2.780268,3.613268,6.074268,-7.229732,4.319268,-4.521732,1.767268,-2.509732,1
2.927268,-2.969732,-9.168732,6.306268,-3.336732,2.162268,-1.019732,-5.402732,1.088268,-6.898732,-3.992732,-12.310732,-4.299732,-4.702732,-8.282732,-9.115732,-1.871732,-0.388732,-4.735732,0.307268,2.850268,-12.061732,-6.817732,-2.351732,6.639268,2.857268,-1.529732,-3.741732,-1.354732,1.355268,-2.182732,3.322268,1
-1.891732,-4.684732,-6.268732,-2.929732,3.251268,-0.769732,7.270268,-4.804732,-0.412732,-2.748732,-0.868732,-4.088732,-1.872732,-6.313732,-2.215732,-6.575732,-0.412732,5.048268,5.998268,-0.730732,-6.121732,-7.042732,1.178268,-9.452732,8.653268,1.930268,-1.262732,2.655268,-3.669732,-2.981732,1.455268,-0.289732,1
1.345268,-7.968732,0.719268,-2.996732,2.086268,-0.202732,7.948268,-2.439732,-3.790732,5.714268,6.724268,2.293268,-5.669732,-6.681732,-6.433732,3.828268,4.650268,-4.443732,3.429268,0.457268,5.997268,-6.248732,2.834268,2.404268,-3.620732,-6.164732,8.189268,4.944268,-1.418732,6.980268,-6.724732,1.342268,1
-4.454732,-10.496732,2.447268,1.108268,0.284268,-3.386732,-0.514732,-4.113732,-8.872732,10.636268,-3.746732,-1.100732,2.306268,-2.635732,12.209268,-1.517732,-3.697732,-0.146732,-4.498732,3.979268,-3.978732,0.607268,7.713268,-6.002732,5.756268,2.146268,5.931268,2.397268,-2.148732,-2.316732,-13.249732,6.649268,1
-1.460732,-0.578732,-2.478732,-7.549732,-5.680732,-2.057732,0.436268,-2.297732,2.656268,0.896268,-21.354732,3.018268,-2.165732,-5.604732,-5.666732,5.858268,-2.126732,1.575268,1.694268,5.466268,-6.002732,-3.146732,-0.312732,-1.769732,-1.777732,0.661268,-1.789732,1.354268,-1.031732,-2.172732,-6.231732,1.001268,1
6.710268,-3.765732,6.281268,-3.464732,0.627268,2.193268,8.357268,-10.004732,-0.988732,0.667268,-0.085732,-3.480732,-0.170732,-0.934732,-5.360732,-4.865732,1.949268,-10.445732,1.688268,-1.926732,-1.520732,3.984268,-1.664732,-1.259732,-6.551732,-4.516732,5.979268,-0.183732,2.369268,3.227268,3.754268,2.198268,1
-3.215732,2.827268,-5.295732,6.905268,-2.449732,2.118268,-7.728732,-1.231732,6.919268,-5.242732,3.102268,-3.023732,-5.069732,-4.741732,-3.511732,-11.896732,-5.950732,-5.814732,-4.148732,7.454268,-3.978732,-2.095732,1.187268,-3.538732,5.871268,1.142268,1.789268,1.230268,-5.197732,-1.596732,-0.880732,-2.625732,1
-4.193732,4.805268,-4.921732,1.428268,7.043268,7.378268,-1.986732,-0.333732,-8.073732,-6.749732,1.676268,5.817268,2.167268,-6.548732,0.162268,1.398268,-6.544732,4.532268,-1.621732,1.493268,-7.288732,-1.060732,-4.387732,-10.349732,-1.432732,-3.843732,-9.299732,3.343268,1.377268,5.667268,-0.439732,-7.948732,1
-8.382732,-9.475732,4.497268,-2.432732,-1.576732,-5.926732,2.220268,-3.596732,1.071268,-5.577732,1.406268,2.726268,3.324268,2.082268,-13.092732,-0.867732,-3.387732,5.973268,-2.955732,1.064268,-2.486732,-2.225732,0.569268,-1.525732,-2.733732,-2.806732,-6.120732,-0.327732,-6.330732,-1.265732,-3.785732,5.032268,1
-4.263732,-1.340732,-6.439732,-6.996732,0.479268,-0.377732,5.485268,-3.965732,-5.542732,-4.079732,-3.070732,-7.683732,-1.318732,-7.669732,-4.585732,-1.525732,3.694268,3.488268,-1.633732,-2.331732,5.038268,3.411268,0.058268,-7.296732,-3.229732,-0.874732,1.280268,2.574268,6.123268,3.236268,-3.483732,-2.922732,1
8.003268,-9.064732,-2.315732,-3.589732,2.889268,6.716268,-2.697732,-0.405732,2.153268,3.807268,0.832268,-7.615732,-1.781732,-2.470732,-2.502732,0.954268,-6.072732,-1.901732,5.115268,-3.301732,-16.692732,-2.809732,1.294268,0.549268,7.491268,-3.217732,-2.074732,2.851268,-7.697732,-0.749732,3.609268,9.234268,1
-1.336732,-4.252732,0.654268,-3.262732,6.001268,-4.376732,-4.118732,-6.397732,-2.408732,-0.093732,-11.154732,-3.787732,-8.147732,5.200268,-3.835732,1.429268,-2.161732,-3.282732,-8.277732,-1.549732,-2.527732,-2.795732,7.024268,-14.701732,-7.885732,-5.604732,5.362268,-4.701732,0.430268,-2.613732,5.546268,-4.768732,1
1.365268,-6.438732,-13.604732,-5.234732,1.657268,2.102268,6.025268,-5.456732,-4.021732,3.232268,-19.581732,-13.241732,-0.025732,4.186268,-2.069732,5.385268,2.737268,-0.380732,0.351268,-7.349732,11.302268,-1.985732,2.557268,-6.721732,2.563268,2.448268,-4.099732,4.556268,-0.436732,0.482268,9.706268,2.314268,1
3.604268,-6.128732,-3.049732,-0.952732,-2.399732,-10.779732,6.414268,8.098268,-4.523732,-6.227732,2.537268,-3.517732,4.003268,10.855268,7.803268,-5.952732,-0.987732,4.987268,-1.311732,9.124268,0.783268,-1.789732,-14.276732,-1.181732,-2.137732,-7.387732,3.808268,-5.530732,0.199268,-3.993732,0.092268,-9.489732,1
-4.370732,5.914268,-1.807732,-4.651732,2.688268,-10.280732,-4.802732,-1.078732,-1.361732,-3.447732,-1.673732,0.871268,19.531268,-0.060732,-7.880732,2.603268,1.592268,-0.655732,-6.973732,3.650268,-2.562732,-1.395732,0.076268,2.886268,-6.244732,-7.828732,-0.584732,-4.119732,3.983268,-2.945732,3.072268,1.629268,1
-2.871732,-0.427732,-2.413732,0.601268,1.915268,-5.763732,1.820268,-7.416732,-3.241732,-6.188732,1.141268,3.743268,0.181268,-4.520732,-5.991732,-1.143732,3.517268,-5.402732,-2.756732,-2.095732,-4.351732,-4.775732,0.979268,5.506268,-3.605732,-11.172732,-0.283732,-4.268732,10.758268,1.641268,-2.979732,-3.079732,1
-19.732732,1.307268,1.476268,-12.995732,3.074268,2.288268,-3.194732,-3.569732,3.749268,1.297268,-2.020732,-7.926732,-1.141732,3.076268,4.023268,-15.650732,-2.254732,-1.954732,5.641268,4.921268,-9.193732,-1.319732,-3.282732,6.649268,0.079268,-7.636732,2.399268,5.238268,-11.984732,-5.987732,-3.898732,-7.355732,1
5.242268,-0.179732,5.551268,-2.454732,-5.712732,-3.884732,-0.813732,0.679268,-3.042732,-2.459732,1.691268,-0.002732,-2.557732,0.742268,-4.128732,-1.428732,-9.697732,3.723268,1.480268,-3.059732,10.481268,4.875268,0.764268,-1.268732,-6.250732,-3.066732,-2.201732,-9.200732,-0.165732,-16.681732,-0.243732,-4.017732,1
-5.175732,1.799268,-7.661732,1.504268,-4.874732,6.799268,-11.443732,-6.200732,-5.017732,-6.498732,-0.497732,-5.620732,-5.839732,2.484268,-7.128732,4.818268,2.363268,-1.466732,-1.805732,-6.389732,5.416268,0.258268,-0.241732,-2.243732,-6.431732,-3.961732,0.162268,-3.303732,-5.907732,0.521268,-1.037732,3.178268,1
0.424268,-3.207732,1.411268,1.057268,-0.023732,6.942268,-4.515732,8.208268,0.978268,-7.334732,5.023268,-7.166732,0.055268,-4.087732,6.130268,4.950268,3.348268,-1.255732,3.835268,1.966268,-0.004732,1.201268,2.765268,0.671268,-4.381732,-0.376732,2.500268,-3.120732,-3.079732,7.393268,-1.426732,-4.858732,1
-10.978732,2.816268,-0.942732,-5.868732,0.687268,0.186268,8.260268,6.252268,-1.206732,-4.389732,2.214268,-7.697732,0.415268,-1.105732,2.874268,-1.076732,-2.306732,0.657268,5.221268,1.619268,-3.761732,-7.807732,-14.627732,2.853268,-7.817732,9.566268,-1.557732,2.007268,-12.909732,-4.349732,-2.211732,2.585268,1
-1.530732,-6.862732,3.356268,-4.218732,-6.025732,-5.646732,-3.580732,-1.670732,-1.751732,8.666268,1.989268,-8.046732,-2.379732,-2.027732,1.217268,-1.994732,-0.970732,0.693268,0.030268,-0.336732,-5.177732,-7.681732,9.110268,1.669268,-2.170732,3.747268,-2.466732,-5.843732,4.835268,1.457268,3.643268,5.653268,1
