-3.278732,2.909268,5.569268,-2.431732,2.970268,0.478268,3.296268,-3.954732,-0.734732,4.686268,9.883268,-1.048732,-0.502732,9.208268,3.233268,5.065268,0.163268,-3.365732,-2.121732,6.617268,-1.064732,3.412268,-7.469732,-1.383732,3.893268,-1.557732,-0.537732,-0.084732,7.961268,7.528268,0.281268,3.499268,0
1.232268,4.728268,-2.743732,-0.821732,7.686268,-4.311732,4.863268,1.446268,-9.121732,-1.730732,-0.442732,6.118268,-1.070732,-4.048732,-3.672732,-2.873732,1.162268,4.822268,9.864268,-1.008732,2.355268,-4.803732,3.359268,5.068268,2.451268,4.863268,-2.056732,0.413268,7.625268,-1.316732,1.234268,5.847268,0
8.198268,15.449268,6.864268,-2.642732,-0.721732,3.309268,-3.023732,0.354268,0.562268,5.319268,1.611268,3.525268,2.701268,2.055268,-0.155732,-7.836732,1.243268,-4.730732,-16.940732,1.186268,9.717268,-2.151732,0.019268,7.504268,3.170268,13.341268,-1.774732,-6.166732,6.942268,-2.296732,1.538268,1.202268,0
-1.302732,4.781268,-0.251732,5.988268,-3.652732,1.207268,0.603268,0.760268,-2.353732,-1.255732,-4.596732,4.009268,1.422268,3.644268,-3.958732,7.852268,-1.347732,2.914268,-0.276732,0.810268,7.713268,-3.259732,5.068268,-4.487732,6.656268,2.297268,1.012268,5.115268,6.906268,8.484268,-7.438732,-1.196732,0
-3.794732,4.560268,-2.087732,2.955268,5.498268,7.300268,2.513268,5.188268,3.694268,2.308268,4.318268,-3.811732,5.295268,-1.340732,-1.416732,-0.243732,-2.159732,4.560268,0.225268,4.811268,7.759268,-2.372732,-8.773732,2.138268,-0.113732,-1.819732,2.669268,13.281268,3.397268,4.209268,-6.792732,3.047268,0
7.151268,-6.800732,-4.217732,2.634268,2.254268,-1.341732,0.135268,-8.386732,8.765268,0.054268,-1.298732,5.906268,1.826268,-6.849732,1.926268,-0.055732,20.664268,-2.618732,2.804268,2.197268,1.611268,10.842268,-7.427732,1.125268,-0.116732,13.136268,7.688268,-0.536732,2.184268,-7.006732,-3.090732,-14.997732,0
-4.001732,4.769268,6.034268,3.419268,-11.066732,6.538268,-2.325732,4.897268,2.619268,0.511268,-4.230732,1.823268,9.094268,0.569268,-0.762732,2.505268,1.686268,-2.618732,6.755268,4.178268,-0.984732,-17.372732,-5.356732,1.112268,-18.599732,8.459268,2.425268,5.950268,-2.914732,-3.370732,3.702268,4.048268,0
-0.894732,-3.306732,1.849268,-2.209732,-2.027732,3.698268,-1.185732,6.867268,0.972268,-1.512732,-1.727732,-0.967732,-2.922732,-2.449732,5.045268,5.904268,-8.007732,-1.909732,-4.440732,3.378268,4.816268,-2.453732,0.581268,11.023268,-7.337732,-4.909732,-1.666732,3.260268,0.226268,9.926268,2.990268,5.554268,0
-4.514732,-3.173732,-1.782732,-7.353732,-0.618732,-16.007732,3.223268,2.133268,8.415268,-5.386732,-1.816732,-3.492732,6.161268,-1.476732,-1.289732,-1.452732,-3.919732,0.020268,5.801268,1.680268,-0.026732,3.242268,-3.608732,-2.510732,6.375268,-6.555732,-6.185732,-6.340732,-3.589732,-2.996732,0.032268,6.954268,0
-1.820732,-2.165732,2.624268,2.546268,3.511268,-7.822732,9.281268,-3.050732,-0.804732,-0.452732,0.674268,-5.455732,4.050268,4.818268,-0.560732,4.773268,-2.339732,4.058268,-3.275732,-3.491732,8.129268,6.865268,-1.680732,3.605268,6.711268,-5.587732,3.848268,4.647268,3.548268,-3.229732,3.717268,-6.567732,0
8.529268,-1.241732,-1.069732,-1.037732,1.405268,2.324268,-0.819732,-0.134732,1.743268,-8.657732,0.150268,7.127268,4.916268,-1.202732,-5.110732,-4.905732,5.418268,-4.645732,-3.714732,1.477268,-1.216732,4.117268,7.374268,5.863268,-7.617732,1.140268,0.834268,4.816268,-3.000732,2.287268,-5.769732,-1.088732,0
-3.870732,-3.116732,1.644268,-2.668732,-4.031732,0.741268,2.694268,-0.697732,-0.684732,1.940268,7.069268,6.437268,-8.017732,4.278268,-6.293732,5.730268,3.244268,-5.898732,2.812268,10.250268,-0.068732,7.118268,9.767268,4.115268,-2.758732,0.421268,-4.310732,-1.229732,5.517268,-1.467732,1.159268,-4.122732,0
-1.459732,2.331268,8.449268,-0.969732,-4.550732,-5.265732,-0.597732,3.234268,1.743268,-3.281732,-2.780732,-5.011732,-6.411732,1.673268,4.902268,4.085268,6.389268,-1.473732,-1.288732,-2.131732,-0.895732,3.391268,-5.214732,0.086268,-0.432732,-0.288732,4.304268,1.446268,4.394268,6.257268,-4.594732,3.894268,0
6.514268,-3.982732,0.219268,5.145268,0.719268,-4.450732,2.110268,2.907268,8.089268,1.198268,1.804268,3.894268,6.635268,8.592268,4.593268,5.059268,-0.982732,6.164268,-0.556732,-2.492732,-2.061732,-1.516732,-3.301732,0.568268,-9.545732,-7.064732,3.057268,6.302268,-2.459732,0.566268,-1.315732,-0.644732,0
-5.196732,8.613268,6.742268,2.022268,1.739268,2.608268,3.273268,-2.493732,-1.503732,-2.328732,5.841268,-0.273732,1.462268,3.496268,-2.041732,1.822268,-1.435732,7.621268,1.879268,6.113268,-9.370732,8.982268,-4.863732,1.755268,-3.251732,4.652268,0.816268,2.860268,2.721268,-4.051732,-5.239732,2.168268,0
-2.384732,-2.199732,-0.053732,-0.507732,-3.053732,6.244268,-3.461732,-9.277732,-2.636732,1.681268,-0.457732,4.486268,7.999268,4.688268,0.982268,4.657268,-1.482732,1.615268,0.626268,0.384268,3.289268,7.094268,4.847268,1.142268,0.065268,5.312268,-5.324732,0.438268,5.033268,-2.131732,3.230268,3.386268,0
10.698268,2.737268,4.772268,-5.501732,6.618268,-1.939732,4.175268,-0.568732,3.055268,2.175268,2.247268,7.597268,4.563268,-0.669732,-7.514732,2.262268,1.208268,4.758268,2.037268,-3.948732,-1.894732,8.848268,0.938268,6.571268,2.592268,6.929268,1.135268,6.598268,-16.198732,2.109268,-3.177732,1.447268,0
-1.179732,-1.356732,5.089268,-4.355732,8.927268,4.795268,-1.239732,1.109268,1.773268,-3.691732,3.353268,1.596268,4.397268,4.282268,2.408268,-1.589732,5.751268,5.903268,12.712268,7.751268,1.453268,-7.032732,-4.026732,3.681268,10.831268,-5.975732,1.134268,2.728268,3.070268,5.152268,1.557268,-5.687732,0
-3.024732,-1.080732,1.954268,-1.862732,3.222268,1.099268,-7.385732,1.055268,5.061268,-4.052732,6.259268,2.374268,-6.414732,-3.034732,-5.784732,-5.306732,-3.841732,-8.935732,2.571268,0.070268,1.120268,-0.107732,-0.413732,2.558268,1.529268,2.916268,17.803268,-1.338732,0.409268,-3.786732,-10.508732,3.972268,0
7.740268,4.755268,3.989268,1.370268,1.069268,3.821268,0.261268,-7.584732,-1.450732,-2.880732,-5.123732,0.718268,-4.296732,4.411268,1.411268,4.494268,2.180268,10.188268,-4.253732,-3.238732,5.721268,3.195268,0.264268,7.132268,5.426268,2.747268,8.724268,4.992268,7.300268,-3.772732,1.904268,0.906268,0
-1.854732,0.048268,3.263268,4.214268,4.022268,-5.056732,0.603268,8.410268,-3.401732,0.649268,1.753268,4.798268,5.224268,1.803268,3.559268,-6.157732,7.621268,8.883268,-3.655732,-1.977732,-2.739732,1.648268,2.889268,-2.564732,-1.750732,-0.843732,5.233268,0.621268,4.125268,4.514268,-4.973732,2.811268,0
2.367268,-3.191732,7.171268,-3.863732,3.505268,-1.355732,10.236268,5.249268,-4.455732,4.308268,1.683268,4.581268,7.629268,4.625268,1.078268,-6.175732,8.466268,-1.277732,-2.516732,-3.905732,4.437268,1.703268,10.867268,-0.265732,2.600268,2.231268,0.112268,2.414268,-1.772732,-2.462732,9.277268,1.314268,0
-2.685732,-1.375732,-1.904732,2.977268,4.616268,-2.833732,-0.142732,-0.000732,-2.135732,4.135268,-2.566732,0.098268,2.422268,1.703268,-5.975732,-3.105732,-4.609732,4.533268,-8.797732,-3.294732,9.102268,-11.733732,-2.866732,7.644268,3.099268,-5.807732,7.719268,5.808268,5.061268,-4.612732,7.431268,0.467268,0
-4.709732,4.108268,0.071268,-2.637732,-0.284732,-0.027732,4.993268,1.396268,5.294268,2.232268,-1.044732,5.234268,-6.746732,-8.150732,-2.690732,7.510268,6.007268,-6.787732,2.215268,1.703268,-6.130732,-0.276732,2.730268,3.423268,16.867268,-3.938732,-3.779732,-2.524732,-2.719732,-9.133732,1.121268,-10.027732,0
2.244268,2.070268,5.249268,-12.909732,1.975268,6.598268,5.269268,2.373268,-0.921732,6.174268,3.929268,-4.762732,-19.391732,-5.058732,7.769268,1.172268,6.238268,3.752268,2.503268,3.264268,-2.212732,-1.803732,16.653268,-3.947732,11.535268,2.853268,5.450268,-4.648732,-6.049732,2.529268,6.238268,1.175268,0
-1.029732,4.769268,7.989268,0.998268,-0.221732,12.411268,2.201268,-3.816732,6.154268,-4.735732,5.123268,5.533268,0.928268,3.202268,-1.311732,2.248268,3.328268,8.567268,-6.431732,2.247268,4.357268,4.742268,-8.556732,0.430268,4.258268,0.149268,0.433268,-0.389732,-5.464732,-2.208732,2.613268,7.291268,0
-3.499732,4.766268,2.774268,2.883268,6.285268,8.596268,2.502268,1.784268,4.223268,-1.729732,5.456268,7.670268,2.957268,1.871268,-6.578732,7.503268,2.084268,1.682268,3.112268,2.490268,0.649268,1.811268,5.385268,3.991268,-1.346732,3.623268,3.765268,-2.549732,9.419268,-2.047732,-1.850732,4.691268,0
-3.217732,-3.253732,5.453268,0.558268,5.374268,8.584268,0.554268,1.782268,1.148268,0.280268,4.885268,3.218268,-13.939732,-3.096732,-3.127732,-4.405732,-9.973732,5.925268,-2.382732,-2.001732,3.452268,-3.798732,6.305268,4.117268,1.146268,-0.533732,-5.434732,-6.137732,-0.703732,1.860268,-18.722732,0.806268,0
0.411268,-2.537732,-5.671732,12.813268,2.632268,8.116268,-6.122732,8.780268,11.115268,10.469268,1.720268,-1.663732,-0.268732,1.272268,-7.814732,2.019268,-4.445732,1.162268,1.593268,0.392268,-0.977732,-3.060732,0.547268,-1.055732,0.187268,-1.228732,-3.464732,5.139268,2.369268,-15.477732,0.091268,1.786268,0
3.210268,-0.098732,-5.041732,-2.837732,3.899268,7.303268,-2.616732,11.898268,7.149268,3.287268,-2.844732,-8.787732,4.119268,8.691268,-2.410732,1.803268,4.369268,-5.301732,5.827268,3.393268,4.965268,-3.633732,3.648268,2.082268,2.028268,7.555268,-0.251732,5.129268,2.296268,10.199268,-2.978732,-3.073732,0
4.795268,4.894268,-1.079732,-1.817732,0.944268,2.141268,-3.279732,-0.698732,1.560268,1.963268,-0.886732,3.182268,-4.604732,5.692268,-0.590732,-0.320732,0.876268,-7.412732,2.393268,1.156268,1.207268,-4.866732,-2.901732,4.713268,-3.406732,3.750268,11.571268,12.415268,3.035268,3.373268,-5.276732,1.771268,0
-1.157732,-1.077732,7.505268,5.504268,-2.443732,1.834268,1.996268,4.059268,6.339268,1.021268,-10.107732,1.561268,-3.714732,2.934268,1.282268,0.258268,3.000268,-2.447732,-2.254732,-9.118732,12.603268,8.720268,-0.039732,-2.898732,-2.220732,2.064268,0.365268,3.778268,2.111268,-2.780732,5.961268,-6.146732,0
-6.515732,1.906268,-1.159732,-3.940732,3.898268,-0.072732,4.416268,-4.830732,1.938268,0.202268,7.871268,1.211268,1.897268,-4.007732,-3.836732,-1.652732,-3.268732,8.131268,-0.053732,-0.272732,3.760268,4.715268,4.447268,1.679268,7.036268,7.130268,0.769268,-3.141732,2.715268,6.406268,1.240268,2.048268,0
0.830268,6.110268,1.860268,1.243268,0.974268,3.253268,3.085268,3.247268,1.355268,0.326268,4.569268,-3.508732,-2.128732,2.672268,7.230268,2.244268,7.053268,-0.674732,4.855268,0.223268,0.274268,-1.372732,-4.305732,1.152268,-5.282732,3.651268,1.673268,3.804268,0.477268,-15.259732,9.160268,-2.791732,0
0.504268,-0.408732,1.726268,5.930268,-2.850732,-3.572732,-2.370732,-15.379732,-4.478732,-2.666732,-3.818732,-2.353732,7.727268,4.058268,-3.679732,5.189268,-3.971732,-7.116732,-10.914732,-2.248732,-6.237732,-2.907732,2.182268,-1.077732,1.145268,0.740268,9.690268,-3.310732,1.178268,-7.738732,5.193268,5.074268,0
11.888268,3.790268,-7.639732,5.269268,3.343268,-2.866732,5.157268,7.454268,2.707268,-3.736732,8.604268,-5.802732,3.271268,0.390268,2.517268,-6.856732,1.471268,1.773268,5.595268,4.951268,3.288268,-3.353732,-1.789732,-5.491732,-0.831732,4.963268,6.659268,-7.133732,-6.137732,-1.982732,1.976268,-1.077732,0
5.565268,-1.164732,-0.477732,6.688268,-1.290732,-1.599732,0.324268,0.087268,3.025268,-2.841732,1.440268,5.922268,1.368268,5.338268,-6.783732,-1.275732,0.238268,-3.037732,-7.091732,4.286268,5.787268,-5.769732,1.283268,2.862268,6.802268,0.725268,6.359268,-5.201732,7.786268,3.293268,7.449268,1.387268,0
2.911268,4.743268,8.048268,-1.738732,0.403268,4.632268,5.253268,-3.124732,1.949268,7.534268,-2.569732,4.807268,-1.952732,-5.302732,9.785268,-4.609732,-3.980732,-4.039732,1.279268,6.409268,8.253268,3.874268,2.533268,18.579268,4.887268,-0.542732,4.072268,0.590268,-5.266732,0.521268,-3.155732,1.655268,0
1.552268,2.092268,5.941268,-7.997732,-0.994732,-1.317732,0.569268,1.450268,7.702268,1.918268,4.085268,-5.402732,5.832268,-9.327732,11.023268,-7.390732,-1.955732,-0.209732,2.461268,-5.097732,2.574268,-0.680732,1.860268,4.718268,4.144268,-1.267732,-5.581732,-3.606732,0.287268,0.151268,0.457268,-2.835732,0
-5.643732,2.321268,1.617268,-2.233732,-1.954732,-1.872732,3.177268,5.315268,-6.211732,3.831268,9.314268,1.854268,-2.527732,4.019268,2.036268,-2.920732,-4.054732,-0.513732,-4.548732,4.349268,-0.249732,-2.785732,2.723268,-1.985732,2.380268,10.682268,2.512268,5.437268,4.876268,-3.428732,4.141268,7.912268,0
-1.667732,5.509268,-2.421732,3.911268,-3.713732,2.378268,-0.699732,-4.168732,-1.702732,-5.297732,-8.077732,-1.646732,-1.291732,3.686268,9.517268,-1.578732,2.356268,-6.976732,2.848268,4.343268,1.558268,5.254268,-3.502732,-6.379732,-6.483732,3.748268,1.150268,0.771268,3.569268,-0.431732,4.678268,-1.252732,0
9.267268,3.901268,-2.825732,-4.546732,1.608268,1.212268,1.081268,0.739268,8.628268,1.990268,-0.114732,5.958268,-0.565732,-10.160732,0.448268,3.149268,3.139268,4.365268,0.599268,-1.584732,5.930268,3.402268,3.827268,2.258268,1.217268,2.715268,2.479268,0.372268,0.038268,-8.742732,3.265268,3.660268,0
1.511268,-1.787732,5.275268,6.768268,4.695268,-5.171732,1.619268,4.783268,-7.232732,7.655268,2.565268,0.834268,0.043268,-4.468732,3.573268,-10.751732,5.199268,0.268268,1.746268,-1.427732,0.585268,-2.328732,2.009268,2.675268,5.012268,22.344268,-7.764732,2.449268,-4.646732,-1.633732,2.207268,5.120268,0
-0.960732,0.410268,-1.655732,-1.713732,3.701268,-2.128732,-9.631732,-4.796732,-2.169732,1.421268,6.424268,-1.998732,-0.938732,-6.245732,-1.615732,1.600268,-0.661732,-4.027732,4.806268,-3.014732,-4.870732,2.012268,5.104268,7.474268,9.200268,2.194268,-3.634732,-2.955732,-0.186732,2.058268,-0.606732,-2.930732,0
2.611268,5.615268,-3.124732,-5.113732,-3.610732,-0.665732,0.617268,-0.105732,5.594268,4.971268,5.930268,4.937268,0.669268,-19.630732,3.925268,3.694268,2.599268,2.546268,-5.599732,0.659268,1.867268,1.050268,2.492268,4.046268,-1.185732,-5.764732,3.227268,0.708268,-3.183732,5.359268,-4.362732,-0.451732,0
-0.012732,4.339268,0.744268,0.915268,0.578268,2.928268,-5.076732,6.163268,3.559268,3.427268,4.283268,3.670268,3.314268,-0.436732,11.344268,1.051268,-4.228732,3.853268,-3.433732,0.676268,4.050268,-0.061732,9.019268,6.914268,0.234268,-5.383732,1.522268,-1.638732,-4.055732,-3.373732,7.033268,-3.602732,0
-4.317732,3.448268,-9.210732,1.520268,-1.974732,-15.880732,7.798268,0.857268,4.858268,-4.533732,-1.309732,-4.132732,7.666268,10.125268,-1.197732,1.646268,5.646268,0.568268,-2.681732,-5.272732,4.599268,8.070268,-4.651732,-1.009732,7.711268,-1.733732,-0.013732,1.849268,-5.529732,2.620268,2.551268,-6.563732,0
4.695268,-4.898732,-1.750732,-2.579732,7.865268,4.139268,-0.026732,0.398268,1.222268,-0.710732,-0.944732,2.295268,-1.651732,-5.902732,5.436268,-2.567732,3.529268,9.701268,2.801268,4.054268,5.382268,6.888268,5.037268,-4.809732,4.451268,-0.955732,5.947268,-4.512732,-1.295732,-5.509732,-9.934732,8.492268,0
-1.437732,0.063268,2.195268,-3.966732,2.082268,1.433268,-2.870732,-1.122732,0.615268,3.549268,-0.809732,-2.871732,1.313268,2.393268,6.199268,6.441268,-0.589732,0.715268,4.755268,0.507268,2.605268,8.637268,2.050268,2.783268,-0.156732,-1.245732,1.438268,3.357268,11.390268,-14.893732,2.741268,-1.578732,0
-3.780732,3.697268,2.933268,-4.643732,-1.009732,0.531268,4.688268,-5.310732,-5.328732,0.987268,0.238268,1.462268,-4.574732,-1.131732,0.558268,-0.728732,2.693268,1.238268,3.692268,8.794268,-3.733732,-4.228732,-2.846732,14.138268,-1.476732,-3.337732,-3.339732,-3.400732,-1.007732,1.179268,-7.099732,11.219268,0
3.075268,-5.060732,-6.160732,-0.497732,-3.370732,7.168268,-1.305732,2.694268,0.104268,-6.606732,-1.287732,-4.529732,1.537268,5.079268,-2.322732,9.363268,1.017268,4.202268,-0.759732,1.186268,0.069268,-0.405732,-4.167732,4.125268,-4.927732,3.827268,0.123268,3.668268,5.044268,4.976268,-1.507732,4.136268,0
3.812268,5.495268,11.840268,-3.142732,1.886268,7.446268,-1.341732,6.306268,-17.173732,-0.109732,-2.726732,8.154268,2.443268,-5.897732,-1.227732,-7.068732,1.560268,2.270268,-5.059732,-10.413732,6.233268,5.327268,-11.693732,5.498268,3.382268,-0.735732,3.406268,-5.160732,1.543268,3.638268,-2.002732,12.409268,0
-4.136732,7.452268,-0.239732,0.490268,-4.767732,-4.435732,4.720268,1.485268,-0.712732,5.142268,11.426268,-4.512732,-1.461732,1.961268,7.095268,-4.270732,-2.737732,-3.862732,-6.575732,-1.479732,0.886268,0.656268,-0.913732,4.707268,5.986268,3.755268,2.108268,0.358268,-4.682732,-3.070732,-5.518732,4.206268,0
-2.687732,0.569268,-2.346732,-0.990732,-1.551732,0.334268,-1.841732,-9.588732,0.912268,-1.302732,0.419268,-0.007732,-9.372732,-20.746732,-0.971732,13.419268,-2.700732,5.474268,-0.901732,1.171268,1.655268,-5.265732,4.415268,2.322268,3.359268,-4.507732,2.211268,-0.143732,7.230268,6.028268,4.342268,2.041268,0
11.836268,8.191268,-8.823732,-0.193732,3.483268,4.640268,0.564268,-0.423732,2.452268,4.963268,-7.777732,1.794268,5.350268,1.295268,3.587268,0.881268,10.553268,8.263268,6.280268,5.355268,-3.972732,5.849268,-1.097732,2.003268,5.939268,2.704268,3.006268,3.616268,7.354268,0.801268,3.678268,3.771268,0
1.816268,-3.866732,2.934268,3.246268,2.391268,8.461268,-1.672732,1.347268,5.197268,4.449268,-4.966732,5.229268,-4.147732,-1.885732,7.296268,-2.389732,5.051268,-1.325732,-0.742732,4.586268,0.562268,5.414268,0.142268,-1.148732,8.838268,13.732268,0.367268,-2.775732,5.092268,0.505268,5.652268,4.648268,0
-0.683732,2.548268,7.795268,-1.730732,-0.998732,-6.278732,2.559268,5.814268,-3.166732,1.919268,-0.173732,-1.364732,1.374268,1.061268,-1.470732,2.176268,-1.805732,18.393268,-7.894732,4.997268,0.135268,-0.856732,2.435268,-8.555732,-0.293732,0.206268,-0.934732,5.464268,4.268268,-4.264732,2.928268,5.580268,0
0.429268,-6.206732,1.712268,6.279268,-9.945732,-3.935732,-0.758732,7.487268,-4.080732,-2.162732,7.592268,-1.529732,3.210268,-3.200732,0.318268,-0.731732,5.391268,5.677268,3.529268,5.258268,2.834268,-1.289732,-2.917732,0.227268,2.757268,7.385268,3.221268,9.512268,17.497268,-5.554732,1.230268,-1.498732,0
3.142268,4.653268,-3.191732,-1.164732,7.050268,2.898268,8.987268,4.097268,1.171268,4.462268,-2.410732,-5.259732,6.227268,-6.373732,-0.932732,-3.439732,-1.026732,0.279268,2.506268,1.690268,3.483268,-0.457732,-0.724732,0.041268,-3.542732,-3.237732,1.384268,15.514268,-8.566732,0.177268,-1.646732,-0.772732,0
-7.558732,-1.031732,2.145268,8.222268,-1.039732,3.169268,5.963268,1.011268,-1.126732,-0.335732,6.315268,-0.810732,12.026268,-0.236732,-1.959732,2.485268,6.301268,-5.712732,5.964268,7.036268,3.595268,10.174268,-1.901732,6.226268,0.672268,-2.623732,3.627268,6.367268,-10.510732,1.896268,6.692268,-1.272732,0
5.640268,6.110268,-3.731732,-1.792732,-3.170732,1.123268,8.013268,20.952268,3.525268,4.329268,-5.602732,2.317268,3.994268,5.668268,2.968268,-3.567732,-4.323732,5.202268,5.285268,2.706268,3.817268,3.939268,11.853268,7.614268,-2.536732,-0.222732,-7.795732,6.922268,4.166268,3.850268,3.636268,-4.118732,0
-4.949732,5.073268,0.926268,-5.044732,-1.573732,6.156268,-0.969732,-1.682732,-7.722732,-7.132732,8.572268,-0.928732,-1.278732,1.201268,3.850268,2.014268,-3.508732,0.361268,9.639268,3.209268,0.227268,4.761268,0.185268,0.937268,-0.144732,9.826268,4.959268,6.712268,-0.043732,-3.182732,7.074268,-2.695732,0
-9.121732,1.720268,-4.049732,5.623268,0.814268,0.471268,5.054268,6.060268,0.827268,-4.862732,2.999268,-1.867732,-4.852732,-7.798732,16.614268,3.920268,3.633268,-1.369732,-3.663732,1.885268,1.296268,-1.516732,4.264268,9.276268,-4.669732,5.723268,2.999268,-6.557732,-2.827732,3.754268,5.907268,6.223268,0
1.850268,4.174268,10.506268,-1.483732,-3.704732,0.356268,2.675268,1.496268,6.027268,1.882268,0.559268,3.311268,6.564268,4.610268,1.357268,-1.980732,0.116268,-1.551732,1.001268,1.094268,6.651268,2.620268,-4.406732,-1.067732,0.170268,0.446268,2.324268,-4.665732,-1.524732,1.045268,2.970268,3.097268,0
10.388268,6.018268,9.208268,-9.134732,2.491268,2.486268,7.290268,0.145268,8.095268,-7.312732,2.342268,8.425268,2.609268,5.276268,-0.451732,2.721268,6.113268,-5.330732,-3.278732,-2.009732,2.555268,4.944268,6.997268,4.839268,-7.918732,2.410268,-8.714732,2.837268,1.394268,-5.165732,0.754268,3.902268,0
1.223268,9.241268,-9.847732,-1.427732,-3.085732,-3.181732,4.617268,7.644268,-2.427732,6.058268,-1.541732,-1.379732,-1.199732,7.489268,1.362268,4.044268,-4.412732,1.653268,-0.706732,-0.732732,4.840268,-11.042732,-0.424732,3.504268,0.077268,-2.184732,1.909268,3.267268,0.338268,6.502268,-0.439732,7.205268,0
3.801268,-0.090732,-8.505732,1.117268,-5.699732,-2.041732,2.006268,2.884268,0.565268,3.061268,-4.883732,-6.072732,4.225268,1.025268,16.893268,10.564268,4.000268,7.333268,-0.083732,1.176268,10.381268,-1.725732,-5.626732,1.692268,-4.522732,-0.929732,0.189268,-3.457732,0.931268,6.032268,-0.657732,3.940268,0
-2.948732,1.686268,-5.147732,-1.147732,2.052268,2.129268,3.281268,5.204268,-1.956732,-0.926732,-6.597732,3.353268,1.481268,-4.000732,3.596268,-6.450732,4.500268,8.710268,-8.689732,-2.403732,4.508268,-1.375732,-5.590732,-1.653732,-1.814732,4.023268,4.035268,0.864268,7.497268,-0.230732,11.960268,-0.338732,0
10.119268,3.549268,1.222268,6.315268,0.250268,-5.834732,-2.171732,3.904268,-3.632732,-2.778732,6.923268,1.407268,4.056268,3.497268,3.902268,7.203268,-0.870732,1.051268,-1.280732,-3.862732,-6.012732,-3.473732,8.608268,4.715268,-3.500732,1.363268,-2.554732,0.599268,1.958268,3.487268,-0.804732,-1.668732,0
1.636268,-1.557732,2.677268,-1.499732,1.466268,8.041268,6.835268,4.110268,0.220268,6.951268,9.217268,-19.441732,2.589268,0.147268,7.770268,2.592268,5.613268,-2.514732,-3.931732,6.423268,-12.862732,-1.234732,-4.009732,3.287268,8.391268,5.062268,-1.492732,7.529268,5.668268,3.970268,0.374268,8.088268,0
4.614268,2.828268,2.994268,-2.089732,1.368268,6.108268,-0.665732,6.040268,-2.667732,8.967268,-0.350732,-1.205732,-2.251732,-1.629732,13.674268,-0.803732,-3.774732,-4.519732,1.749268,-6.883732,-0.899732,14.211268,-9.144732,5.194268,2.435268,0.801268,0.735268,1.953268,1.935268,-3.012732,-5.413732,-3.897732,0
4.939268,5.904268,1.850268,5.634268,4.092268,2.872268,-2.669732,6.513268,2.868268,1.037268,3.701268,2.326268,-1.533732,-0.639732,0.360268,-1.000732,-0.033732,2.564268,-1.462732,-5.205732,-1.110732,5.297268,-10.735732,5.440268,-4.805732,-0.656732,4.668268,4.087268,-0.682732,0.899268,-0.907732,0.282268,0
2.114268,-3.341732,11.482268,-3.010732,1.919268,8.286268,-4.650732,-3.891732,1.883268,-0.916732,4.110268,-9.870732,-7.618732,3.555268,-3.128732,2.047268,3.452268,-7.511732,7.209268,5.136268,-0.575732,-4.721732,-3.866732,1.825268,1.461268,-1.315732,-6.739732,5.302268,0.757268,-1.684732,-7.005732,6.830268,0
7.673268,-0.399732,-2.682732,6.593268,5.805268,3.307268,0.206268,-0.580732,0.715268,-1.710732,6.727268,1.092268,0.053268,-2.633732,-2.369732,-3.345732,5.051268,-0.184732,0.514268,-0.767732,1.555268,1.932268,-0.768732,-0.396732,0.926268,-2.056732,-2.039732,-7.421732,1.124268,-4.287732,4.720268,3.337268,0
2.510268,-0.106732,2.275268,5.251268,2.446268,-1.846732,5.864268,-3.155732,4.912268,1.950268,-0.178732,6.608268,1.897268,-1.194732,2.734268,-8.341732,4.288268,4.041268,-2.330732,-0.712732,2.119268,6.553268,-3.622732,7.047268,6.158268,2.698268,3.632268,4.564268,-18.684732,5.621268,2.455268,2.320268,0
0.791268,1.204268,0.651268,-7.758732,-0.576732,-5.319732,-5.273732,4.731268,6.884268,-2.223732,3.213268,-4.272732,-5.140732,0.827268,2.549268,10.747268,8.025268,5.445268,-3.091732,2.445268,3.176268,-0.271732,3.919268,1.104268,2.823268,14.007268,1.234268,1.080268,8.420268,6.376268,6.969268,3.201268,0
3.267268,-5.836732,6.777268,-2.209732,-2.404732,-2.936732,-1.485732,3.361268,0.392268,0.541268,3.336268,-5.109732,0.966268,3.357268,5.871268,-0.352732,-6.222732,-18.758732,8.084268,1.902268,1.521268,3.618268,-2.610732,-3.882732,2.857268,1.173268,0.201268,0.358268,1.175268,2.778268,-2.485732,-2.870732,0
-7.571732,10.716268,5.357268,-5.010732,-1.777732,-2.808732,4.715268,6.254268,4.041268,-0.264732,-3.705732,3.321268,0.854268,-1.495732,-0.312732,3.784268,-0.389732,-5.919732,1.032268,11.132268,-8.841732,5.329268,-2.030732,1.569268,4.823268,16.912268,-2.225732,-0.716732,-1.986732,-3.076732,-3.136732,-0.601732,0
-0.764732,-7.306732,3.281268,-3.742732,8.368268,3.906268,-2.318732,3.240268,-0.745732,-0.165732,-5.643732,4.026268,0.530268,4.412268,-0.430732,2.955268,-2.465732,1.520268,-4.625732,1.064268,-6.843732,3.494268,-2.270732,9.157268,4.914268,-1.364732,1.743268,7.079268,-0.648732,7.428268,-1.688732,2.020268,0
-1.780732,1.716268,3.912268,9.625268,-3.341732,-1.763732,8.150268,-1.099732,-3.628732,4.864268,-4.273732,6.254268,-3.929732,-0.582732,1.226268,5.298268,6.033268,-9.821732,2.519268,3.116268,12.548268,0.114268,7.871268,-5.860732,-1.271732,1.053268,3.680268,3.052268,-4.561732,-1.038732,-9.999732,11.535268,0
-7.836732,9.166268,11.590268,7.238268,1.204268,4.105268,3.661268,-7.157732,0.929268,-0.162732,4.491268,-0.076732,-3.777732,7.328268,-6.843732,-2.807732,4.312268,-0.542732,9.481268,1.231268,0.517268,2.173268,-4.363732,-0.315732,2.949268,2.565268,4.943268,-4.346732,-3.574732,3.275268,-2.281732,3.455268,0
-2.215732,7.044268,0.662268,2.658268,1.216268,0.747268,0.340268,1.355268,-9.313732,0.815268,3.717268,-0.738732,0.074268,4.870268,-0.966732,5.582268,0.049268,5.331268,0.613268,5.668268,-1.296732,-4.570732,-0.908732,2.426268,3.780268,-2.963732,4.034268,2.502268,-8.233732,4.638268,-3.324732,1.083268,0
7.447268,8.470268,-4.007732,6.328268,6.958268,3.086268,5.339268,-1.673732,-1.735732,0.114268,1.344268,4.021268,5.862268,4.164268,0.552268,4.362268,3.744268,-0.173732,5.358268,4.889268,-9.354732,-7.326732,7.593268,-1.594732,-7.852732,8.626268,10.650268,3.985268,0.671268,-0.442732,1.708268,-0.397732,0
1.899268,-0.067732,6.396268,-0.616732,9.564268,-6.231732,-4.187732,5.126268,6.816268,3.577268,0.654268,1.324268,3.436268,3.051268,1.400268,-5.715732,5.878268,2.320268,-6.654732,-2.516732,0.584268,0.041268,0.375268,2.001268,-1.111732,10.475268,-2.730732,-3.953732,-1.351732,-3.717732,2.379268,4.741268,0
4.135268,2.430268,-0.449732,5.514268,1.706268,-5.078732,2.684268,1.134268,-0.123732,1.810268,-1.324732,1.461268,1.921268,4.710268,0.027268,6.872268,1.880268,4.640268,-4.000732,0.200268,5.108268,4.732268,-0.191732,-2.137732,0.830268,-6.962732,0.400268,0.022268,-0.692732,1.750268,10.017268,0.317268,0
4.334268,-0.376732,-4.530732,-1.050732,-4.353732,0.685268,0.830268,1.077268,4.417268,0.532268,6.197268,-1.314732,3.623268,5.864268,0.426268,4.167268,9.663268,3.319268,0.134268,12.453268,1.490268,-4.567732,5.108268,-2.249732,2.650268,1.129268,18.316268,-3.127732,0.022268,3.934268,1.973268,4.278268,0
3.601268,-0.690732,2.095268,9.257268,3.126268,2.727268,-1.194732,-12.195732,-5.548732,-1.334732,-0.325732,-5.954732,2.656268,1.991268,-0.387732,8.311268,4.390268,-5.606732,3.975268,-4.795732,-3.394732,-0.159732,-8.724732,1.726268,2.694268,2.083268,-10.340732,5.505268,8.794268,6.905268,-9.946732,2.537268,0
-5.159732,-4.660732,7.513268,7.620268,11.819268,1.670268,0.248268,0.824268,3.582268,-0.886732,3.583268,-3.004732,3.871268,3.398268,8.859268,-4.802732,-0.069732,5.711268,8.646268,0.177268,-1.526732,2.087268,2.938268,-0.324732,-1.975732,2.769268,-0.593732,6.253268,-0.075732,5.626268,-3.426732,-5.449732,0
1.970268,5.934268,-0.867732,-4.535732,-3.391732,-3.466732,-0.708732,1.269268,-4.393732,-0.173732,5.668268,-2.146732,8.397268,0.337268,9.147268,1.618268,3.695268,0.462268,4.666268,-2.805732,-3.439732,7.102268,3.883268,2.552268,-2.629732,9.159268,8.428268,-3.185732,17.410268,0.452268,6.889268,3.402268,0
-6.679732,-6.177732,-1.082732,2.812268,0.497268,2.247268,3.515268,0.981268,-2.066732,17.000268,3.365268,-1.041732,1.988268,3.818268,2.701268,0.345268,-0.154732,6.299268,-3.379732,0.408268,4.517268,-3.265732,1.402268,-2.087732,-3.098732,7.936268,9.287268,4.523268,3.485268,5.744268,-2.858732,0.578268,0
1.517268,5.018268,-10.196732,-3.785732,6.248268,0.707268,4.066268,7.468268,5.865268,2.770268,-5.182732,11.113268,2.317268,1.772268,2.396268,-7.452732,0.656268,-6.088732,1.854268,1.427268,-2.432732,6.190268,-1.407732,10.708268,0.472268,3.481268,-1.586732,0.865268,4.099268,8.076268,0.313268,16.515268,0
-10.473732,2.589268,-0.517732,0.761268,1.579268,1.756268,5.620268,2.225268,7.327268,0.156268,-0.120732,7.682268,1.919268,-1.322732,8.000268,3.872268,5.794268,7.647268,-2.326732,3.121268,0.907268,0.115268,-4.021732,-3.180732,-4.260732,7.681268,-4.447732,-5.615732,2.329268,0.476268,2.067268,3.142268,0
1.935268,9.599268,0.220268,8.632268,6.439268,-7.441732,-2.148732,0.643268,0.395268,-0.399732,6.261268,-1.375732,-2.597732,6.884268,1.049268,2.460268,2.991268,0.483268,8.515268,-1.469732,-0.403732,-1.409732,1.551268,-6.245732,-6.061732,1.442268,0.684268,5.821268,4.392268,3.646268,1.099268,0.647268,0
-1.810732,-4.342732,4.304268,-0.338732,-9.013732,-9.369732,-3.925732,7.824268,1.648268,-1.794732,-1.228732,-4.926732,-1.665732,-3.849732,2.516268,-1.630732,-0.927732,2.799268,2.905268,-2.159732,-1.807732,-0.490732,4.825268,-5.074732,-1.108732,-2.024732,5.110268,5.271268,-0.409732,1.613268,5.817268,8.895268,0
-2.163732,5.143268,0.490268,-3.986732,-0.066732,5.857268,-3.781732,5.244268,5.203268,1.462268,3.090268,1.525268,0.894268,-5.284732,3.103268,1.389268,3.832268,4.667268,-3.787732,0.772268,9.410268,-0.165732,0.179268,4.229268,3.205268,2.104268,2.149268,0.710268,0.748268,2.513268,-2.870732,-1.302732,0
3.331268,-1.177732,0.208268,5.327268,-2.310732,-2.035732,2.517268,5.473268,-2.256732,1.151268,2.037268,6.039268,5.070268,4.586268,8.180268,6.326268,1.389268,4.848268,2.601268,-4.157732,-2.500732,-4.977732,2.590268,7.359268,-7.422732,7.030268,-2.650732,-3.461732,7.591268,3.364268,-6.298732,2.062268,0
3.027268,-4.596732,-3.690732,7.026268,-6.716732,-0.023732,1.402268,2.393268,0.724268,1.187268,-0.199732,0.552268,2.369268,-0.256732,-4.151732,3.063268,0.256268,-8.068732,2.325268,1.195268,3.981268,5.467268,8.037268,-0.269732,-6.451732,-3.698732,-1.191732,-1.120732,-0.471732,-1.514732,-19.015732,-5.693732,0
1.991268,10.532268,-1.849732,12.029268,3.370268,-6.407732,4.686268,-1.219732,1.665268,-3.172732,1.002268,1.537268,2.402268,2.991268,2.722268,-1.062732,12.010268,-0.423732,3.326268,0.970268,-1.826732,6.326268,-0.304732,-9.129732,-0.131732,1.580268,3.324268,13.185268,1.691268,-3.078732,-3.487732,7.762268,0
-9.292732,6.858268,5.378268,-0.129732,3.026268,2.529268,0.801268,4.050268,4.505268,5.524268,-3.983732,5.136268,3.721268,6.732268,-12.937732,0.487268,0.479268,-4.966732,-0.952732,7.629268,-1.461732,21.413268,1.320268,1.336268,8.719268,2.209268,-1.068732,-6.262732,1.541268,3.590268,-6.327732,5.043268,0
-2.094732,3.258268,2.857268,-8.683732,6.958268,-5.817732,-1.494732,-5.398732,14.535268,6.569268,-1.430732,2.218268,0.232268,0.463268,-1.485732,6.177268,7.732268,0.024268,3.927268,15.548268,1.959268,2.446268,-0.072732,12.743268,2.247268,5.636268,3.240268,-0.607732,-1.940732,-1.514732,5.635268,5.047268,0
5.527268,-9.099732,-2.464732,-10.525732,0.645268,3.441268,-8.425732,1.923268,10.060268,-2.327732,-6.256732,-1.565732,-3.272732,2.810268,10.217268,-2.380732,-3.643732,5.256268,12.518268,5.644268,-0.824732,-16.008732,-3.471732,-4.877732,14.237268,2.013268,1.209268,3.648268,4.494268,-2.849732,3.834268,-3.080732,0
6.010268,-3.361732,-0.496732,-2.433732,2.894268,0.529268,1.068268,0.413268,6.590268,2.808268,3.192268,-0.737732,10.165268,0.968268,7.919268,2.922268,-6.994732,2.065268,-0.014732,-0.739732,3.026268,7.086268,-5.516732,3.409268,0.455268,20.550268,3.294268,-0.944732,4.438268,-5.248732,-2.662732,3.688268,0
-5.352732,0.001268,-3.030732,-3.825732,5.916268,-0.630732,5.463268,-2.247732,2.155268,6.285268,-8.612732,6.131268,-2.965732,15.182268,2.819268,-6.255732,0.944268,-1.945732,-0.469732,4.400268,-4.197732,-2.447732,-3.667732,8.220268,5.753268,4.711268,3.720268,8.092268,3.737268,8.727268,2.059268,-0.750732,0
-2.794732,-2.318732,0.521268,10.408268,1.212268,-4.363732,-4.406732,10.923268,4.493268,-3.827732,2.088268,-4.448732,3.773268,2.416268,-1.612732,2.010268,5.876268,0.789268,6.437268,3.944268,-3.211732,-1.101732,2.311268,-2.029732,-0.089732,2.571268,3.184268,-3.012732,-1.474732,-2.949732,0.218268,-4.711732,0
2.112268,-6.979732,-3.604732,10.226268,-0.075732,-2.298732,5.536268,-5.200732,-4.404732,1.826268,3.731268,2.767268,-4.034732,2.867268,5.562268,2.469268,-0.142732,-2.820732,-5.340732,-1.712732,-4.382732,4.496268,-3.036732,-3.234732,3.403268,-5.095732,0.537268,-0.831732,2.347268,3.251268,-8.181732,6.080268,0
2.187268,-7.155732,-0.566732,8.862268,-7.007732,-7.562732,-2.488732,4.888268,-0.959732,2.831268,3.212268,5.149268,-3.174732,-0.482732,2.250268,-0.348732,0.843268,1.917268,3.888268,1.271268,6.454268,-1.211732,-2.411732,4.377268,-4.026732,13.642268,3.537268,3.783268,-0.974732,0.254268,-5.151732,3.682268,0
3.440268,-0.555732,-7.016732,5.888268,1.430268,2.670268,-4.536732,6.558268,6.235268,-9.242732,3.517268,15.770268,-1.882732,0.302268,-2.021732,1.858268,-19.468732,1.473268,3.216268,9.623268,-0.026732,5.491268,6.705268,-3.265732,0.860268,6.083268,9.789268,1.752268,1.012268,0.166268,1.807268,5.429268,0
1.807268,6.151268,0.645268,1.649268,1.627268,-4.841732,13.562268,-15.567732,4.642268,-3.226732,6.486268,4.574268,8.489268,10.022268,5.094268,0.440268,5.366268,5.052268,-7.481732,4.836268,2.273268,4.383268,5.401268,0.308268,-0.279732,-3.041732,2.241268,0.314268,-0.425732,-0.974732,-0.685732,2.808268,0
8.256268,0.366268,14.158268,19.920268,5.874268,-1.690732,-5.570732,20.184268,-2.137732,1.841268,3.290268,-0.850732,5.022268,-6.922732,4.614268,1.044268,-2.788732,-13.300732,-5.532732,-4.000732,-5.956732,2.044268,1.530268,0.512268,4.417268,8.410268,17.464268,0.932268,2.111268,0.304268,2.559268,2.383268,0
-3.143732,-5.165732,4.782268,-6.108732,-11.977732,-1.207732,1.464268,-2.026732,-4.946732,-20.352732,0.174268,-2.430732,-3.208732,3.010268,1.413268,0.303268,0.565268,-1.713732,-3.002732,11.866268,-0.959732,2.053268,6.945268,2.417268,-4.053732,-6.007732,1.123268,4.291268,2.078268,6.239268,1.682268,1.364268,0
1.706268,-0.190732,-1.943732,-6.286732,-5.336732,-4.472732,2.782268,5.738268,4.494268,5.466268,0.823268,10.751268,7.784268,-3.949732,0.369268,4.339268,-0.743732,-1.584732,-4.760732,-0.950732,-1.202732,3.586268,-0.832732,4.123268,-1.665732,-3.640732,-3.167732,3.211268,2.085268,-13.181732,5.260268,-0.578732,0
-1.044732,1.561268,1.791268,-5.599732,6.156268,-6.165732,7.909268,-0.925732,2.873268,4.708268,6.431268,1.900268,0.049268,0.385268,22.515268,0.920268,-5.458732,2.869268,1.056268,2.863268,5.005268,2.846268,1.742268,-5.639732,7.224268,7.102268,-3.660732,9.119268,7.555268,3.335268,5.193268,2.385268,0
-0.058732,-8.422732,0.294268,-0.281732,4.790268,3.137268,0.495268,3.749268,-1.502732,2.575268,8.065268,-6.191732,-0.152732,-1.276732,1.651268,-3.535732,6.102268,3.612268,3.867268,3.636268,0.776268,5.388268,-2.620732,-0.146732,-17.760732,0.187268,0.557268,9.785268,0.967268,-2.988732,-1.480732,-3.342732,0
-5.011732,-2.647732,4.337268,3.198268,6.386268,4.242268,-1.790732,1.620268,2.515268,1.418268,-1.850732,5.111268,-9.497732,0.483268,-3.423732,0.122268,5.416268,0.648268,-3.484732,0.821268,3.075268,1.606268,0.947268,8.922268,-2.018732,1.676268,11.072268,9.441268,5.772268,5.579268,9.551268,-8.096732,0
-5.259732,6.109268,9.620268,6.722268,4.803268,-3.118732,1.240268,2.510268,11.485268,0.947268,5.728268,2.417268,2.860268,1.310268,3.407268,3.269268,-1.203732,7.664268,-0.517732,5.814268,-2.873732,2.745268,4.933268,4.671268,-1.423732,4.597268,0.061268,-0.286732,1.873268,0.652268,-0.549732,-6.786732,0
5.178268,-6.715732,4.208268,6.357268,-5.087732,0.786268,2.400268,-5.210732,-0.934732,-0.385732,-6.048732,-7.362732,4.089268,-2.316732,3.157268,7.122268,2.209268,3.762268,-2.386732,6.590268,2.612268,3.489268,3.685268,-0.420732,-7.103732,-1.149732,-1.175732,-0.392732,4.544268,4.589268,6.589268,0.579268,0
3.794268,-3.305732,-2.791732,3.638268,6.387268,-6.507732,-1.345732,5.791268,-0.298732,-1.031732,17.644268,-2.272732,-0.031732,3.320268,-3.882732,-3.637732,9.474268,4.702268,7.694268,3.617268,-0.414732,-2.231732,6.438268,1.447268,-1.204732,-8.827732,2.593268,-5.039732,4.646268,5.120268,0.155268,-0.786732,0
8.137268,-6.934732,1.908268,5.659268,8.132268,1.058268,3.731268,3.813268,2.808268,-6.900732,-3.151732,2.562268,1.482268,1.983268,0.167268,-0.468732,0.661268,-3.614732,3.393268,-3.693732,-4.114732,2.746268,-6.730732,3.968268,2.057268,-3.074732,-3.220732,-3.010732,6.405268,7.870268,2.665268,-3.165732,0
1.176268,2.688268,6.425268,-20.128732,1.689268,3.548268,2.241268,4.813268,0.917268,1.330268,1.522268,0.360268,4.310268,2.887268,-3.140732,-1.726732,-1.343732,2.213268,9.942268,6.268268,4.875268,-3.111732,1.547268,-5.111732,11.623268,-6.358732,0.264268,2.810268,9.341268,0.346268,6.045268,0.118268,0
1.166268,-1.069732,0.132268,6.042268,5.994268,4.440268,5.713268,1.797268,5.593268,-3.254732,0.045268,-3.229732,5.545268,2.218268,11.982268,-0.604732,-5.483732,0.116268,10.659268,2.355268,-6.077732,-0.891732,0.608268,5.294268,-2.118732,-1.793732,7.270268,6.891268,4.323268,6.345268,3.872268,2.687268,0
-17.938732,0.652268,9.428268,-4.455732,2.626268,5.793268,-7.992732,4.252268,7.651268,4.314268,-2.323732,4.367268,-4.571732,10.685268,-3.695732,4.195268,6.348268,5.021268,1.916268,0.925268,-6.347732,-4.848732,-2.099732,3.460268,0.922268,-5.086732,1.659268,-0.946732,5.545268,1.603268,-3.261732,4.525268,0
3.962268,16.334268,8.816268,-5.462732,1.561268,4.260268,-1.097732,-0.690732,2.573268,-0.472732,-1.634732,-13.570732,1.707268,4.875268,0.332268,4.359268,0.596268,-0.228732,1.056268,-5.334732,-2.233732,0.580268,2.609268,-0.754732,2.188268,3.459268,-2.076732,-7.680732,0.747268,-0.065732,2.578268,-6.280732,0
3.469268,4.106268,3.232268,-4.256732,3.274268,-6.815732,7.153268,-0.325732,0.215268,-0.908732,2.074268,-3.132732,5.767268,-5.347732,1.810268,7.797268,0.499268,-0.421732,1.727268,2.466268,-3.316732,1.087268,4.035268,1.109268,-3.782732,7.666268,7.707268,-1.174732,11.961268,0.460268,2.274268,1.022268,0
-10.901732,6.647268,4.833268,2.226268,2.598268,-0.775732,4.036268,2.161268,5.371268,3.313268,1.295268,0.212268,-0.351732,-0.833732,11.310268,2.304268,3.200268,2.627268,7.180268,0.764268,1.379268,3.914268,0.133268,10.763268,1.470268,3.162268,-1.399732,6.995268,-2.826732,3.697268,-2.100732,6.245268,0
2.304268,1.125268,7.639268,5.310268,-1.556732,-3.221732,4.937268,-5.081732,-0.920732,0.173268,-3.412732,-2.101732,-4.199732,6.287268,-3.361732,4.853268,4.455268,-1.665732,8.170268,-2.006732,-0.109732,2.207268,-6.852732,-4.311732,-1.128732,6.395268,-3.655732,-5.850732,1.057268,5.886268,4.219268,0.500268,0
-5.393732,-0.674732,-4.240732,4.793268,1.877268,2.005268,-3.750732,7.501268,-4.992732,7.832268,-3.740732,-6.049732,3.033268,5.202268,-0.281732,0.401268,3.287268,-0.722732,-6.383732,0.898268,7.305268,6.145268,-3.599732,2.230268,13.646268,-0.619732,-4.643732,-0.201732,-3.972732,3.872268,1.499268,-3.254732,1
2.078268,-2.787732,3.722268,-4.647732,0.546268,-3.764732,-0.708732,-0.826732,3.966268,-1.320732,-0.193732,3.602268,-1.972732,1.518268,0.535268,-5.847732,-4.401732,-0.853732,-7.608732,-9.886732,-8.921732,-2.131732,3.502268,-1.511732,4.929268,8.854268,-0.737732,3.489268,-2.716732,-0.960732,-2.427732,-3.568732,1
2.397268,-2.807732,-3.321732,2.415268,3.270268,-10.993732,4.785268,3.467268,0.380268,-2.907732,-1.591732,-4.245732,-6.883732,-4.314732,2.586268,1.449268,3.867268,0.500268,1.591268,-4.754732,4.127268,2.684268,3.296268,-1.620732,-2.902732,-1.145732,-0.662732,-2.079732,0.093268,-5.753732,-3.411732,4.822268,1
9.083268,3.503268,-4.558732,-1.080732,2.965268,-3.313732,-3.204732,-0.009732,-3.425732,-2.314732,2.631268,2.774268,2.668268,2.872268,8.156268,20.055268,2.599268,3.481268,0.906268,-1.742732,0.354268,-5.600732,2.255268,-2.185732,5.962268,-7.397732,4.629268,-3.044732,-4.477732,-2.596732,16.681268,5.370268,1
1.086268,-4.123732,-1.578732,-10.014732,-1.973732,-6.950732,-8.662732,-4.896732,-4.755732,-6.789732,2.857268,-10.633732,-7.887732,6.054268,-2.878732,-6.961732,-6.497732,0.224268,-8.547732,2.379268,-2.195732,7.409268,-5.215732,-3.570732,-0.436732,2.973268,16.572268,-3.731732,0.533268,-0.842732,0.704268,-3.421732,1
1.715268,-0.158732,-6.756732,-0.627732,-6.383732,-7.851732,-2.210732,-8.528732,-0.912732,2.583268,1.443268,-5.734732,0.457268,6.840268,-1.203732,-2.967732,2.978268,-5.827732,4.167268,-6.705732,0.437268,-4.196732,3.324268,-3.850732,-2.548732,-2.103732,2.904268,-0.314732,3.451268,-8.805732,-1.429732,-2.467732,1
2.389268,3.602268,3.437268,2.251268,-2.464732,-6.993732,-1.961732,3.326268,-0.156732,-5.997732,-8.245732,-2.548732,1.695268,-0.747732,-1.277732,-5.618732,-7.719732,3.395268,10.137268,-4.033732,-5.612732,-2.257732,0.906268,6.709268,-3.778732,-4.063732,-5.680732,-2.789732,1.839268,-7.775732,0.196268,-4.050732,1
3.186268,-11.577732,-1.337732,1.891268,-8.587732,-10.336732,-2.788732,-10.014732,-0.856732,4.433268,-4.842732,-1.945732,-0.664732,-1.917732,5.027268,3.870268,-4.047732,-6.308732,4.109268,-0.728732,-15.879732,-0.043732,5.155268,2.032268,-8.301732,4.611268,-4.466732,-4.639732,-4.660732,0.048268,-4.930732,-0.950732,1
4.425268,-7.911732,3.089268,-2.444732,-2.724732,-2.408732,0.061268,-5.085732,-1.210732,-3.385732,0.039268,-6.493732,-6.271732,1.816268,-4.885732,1.736268,-4.091732,4.621268,-4.188732,4.252268,1.355268,-14.272732,-1.829732,-7.206732,-0.089732,-3.723732,-1.632732,-0.306732,0.918268,-8.762732,-8.117732,-3.418732,1
-2.022732,-2.691732,-0.896732,0.062268,15.684268,-6.222732,1.726268,6.036268,7.267268,-0.502732,8.934268,-1.264732,6.497268,-9.362732,-1.234732,-2.937732,0.066268,-7.544732,3.854268,3.024268,0.385268,1.500268,-1.219732,1.177268,-3.550732,0.883268,-3.642732,5.121268,-4.148732,-0.798732,0.259268,-4.905732,1
-0.217732,1.109268,-5.493732,6.601268,-4.160732,-5.983732,4.993268,0.529268,-3.181732,-12.135732,4.560268,1.536268,1.316268,-2.368732,-0.896732,-3.884732,2.226268,-6.699732,1.201268,-1.461732,0.690268,-0.269732,9.192268,-5.682732,-3.827732,-0.764732,-9.445732,-5.501732,2.363268,0.586268,3.223268,-1.320732,1
6.588268,2.059268,-2.492732,-2.360732,-3.664732,-6.194732,-4.833732,2.298268,-0.499732,-4.345732,4.690268,3.959268,5.512268,2.909268,-4.087732,-2.872732,-4.208732,-2.874732,-11.952732,-11.081732,-3.725732,-1.346732,-5.595732,6.755268,3.539268,0.165268,-1.722732,1.073268,-14.549732,1.662268,-1.871732,2.077268,1
-0.013732,-1.637732,-4.074732,-1.275732,2.273268,-3.668732,-1.880732,-8.127732,0.715268,-6.919732,3.885268,5.652268,-0.181732,5.303268,-9.036732,-1.520732,-5.073732,-6.668732,4.316268,-0.717732,2.243268,0.179268,-3.022732,-4.680732,-3.595732,9.786268,0.214268,-2.422732,6.246268,0.454268,3.504268,-1.581732,1
4.039268,-3.407732,-0.701732,-0.109732,-2.869732,-2.051732,-8.698732,4.384268,2.071268,-8.016732,5.125268,-3.792732,4.962268,1.023268,2.498268,-1.966732,4.059268,1.901268,-0.134732,0.477268,-6.683732,9.277268,-1.224732,-0.228732,1.441268,-2.883732,-7.135732,1.451268,0.064268,8.215268,11.501268,5.744268,1
-6.083732,-9.048732,6.209268,-5.787732,7.527268,-1.216732,4.889268,6.414268,3.220268,-4.893732,-4.198732,-4.147732,-1.076732,-7.692732,-4.457732,1.433268,-2.393732,1.379268,-0.163732,-2.062732,-1.944732,2.381268,3.707268,7.222268,-0.162732,20.622268,-3.016732,-7.187732,-4.977732,-0.125732,-4.793732,0.572268,1
-3.050732,-5.146732,-8.711732,2.136268,3.968268,1.193268,-1.604732,5.049268,0.222268,0.411268,3.677268,4.520268,-0.285732,1.103268,-9.370732,-0.700732,2.238268,4.730268,-0.619732,-8.069732,2.276268,-4.864732,-4.743732,3.643268,-6.118732,0.581268,-3.728732,-11.849732,-2.728732,-7.515732,-0.735732,0.999268,1
-1.028732,0.995268,1.026268,-9.758732,2.829268,-0.316732,-5.541732,-18.990732,1.212268,3.912268,-2.507732,-2.776732,-9.996732,-6.846732,-1.332732,0.947268,-2.533732,-2.414732,-2.144732,-5.399732,-0.091732,1.324268,-2.025732,-1.327732,2.254268,15.586268,1.266268,-6.808732,-2.952732,1.735268,3.121268,-2.594732,1
-3.191732,0.407268,-3.144732,-3.130732,3.960268,-4.564732,20.155268,-4.197732,-7.654732,3.431268,1.204268,-3.363732,-3.464732,1.491268,-1.479732,2.609268,-2.800732,-3.991732,-4.859732,-5.453732,4.659268,-2.454732,-0.031732,-5.643732,0.282268,-14.210732,-1.689732,2.329268,0.185268,1.244268,-8.184732,0.352268,1
-0.763732,-3.225732,0.243268,-2.929732,0.895268,0.354268,1.858268,1.815268,-3.338732,1.357268,-2.904732,-12.507732,3.676268,4.273268,1.640268,2.925268,0.662268,-4.952732,-8.198732,0.856268,-2.333732,-3.857732,-0.093732,-1.595732,4.482268,4.997268,1.753268,1.100268,2.673268,-0.788732,5.004268,-4.764732,1
3.990268,5.903268,-8.682732,-1.893732,0.807268,-0.903732,-0.208732,-10.541732,0.210268,4.626268,-2.232732,0.789268,1.815268,1.374268,-9.918732,-6.071732,4.861268,-6.771732,-4.761732,-2.728732,13.013268,-0.421732,-2.860732,-3.249732,10.201268,-4.277732,-1.461732,6.547268,-5.756732,3.090268,3.730268,-3.428732,1
2.160268,-4.131732,-3.515732,-2.472732,1.217268,2.618268,-2.465732,-2.137732,-3.730732,-7.963732,10.001268,2.972268,2.104268,15.426268,0.232268,6.343268,2.869268,-8.008732,7.883268,-9.016732,-2.966732,3.046268,1.207268,-6.159732,12.174268,4.102268,11.112268,-15.514732,-2.646732,2.688268,1.378268,5.311268,1
-0.341732,-4.108732,-5.283732,3.767268,-5.940732,-5.446732,-0.110732,0.289268,2.688268,8.389268,0.404268,2.324268,0.159268,-5.908732,1.180268,-21.540732,-0.967732,-11.204732,4.241268,-0.787732,-4.379732,0.892268,-0.219732,6.056268,-1.335732,-4.544732,1.049268,-3.335732,2.654268,-6.635732,-11.111732,-1.115732,1
-12.638732,-0.826732,1.308268,-1.092732,-1.876732,6.657268,-6.777732,5.422268,-1.550732,6.572268,3.878268,-1.266732,1.698268,-8.816732,-3.509732,-8.127732,2.600268,-4.289732,-10.471732,-1.741732,-6.884732,4.449268,-4.816732,-8.045732,0.393268,-0.206732,-1.096732,3.687268,-7.044732,1.300268,1.828268,4.076268,1
-10.910732,7.156268,-4.707732,-5.380732,-2.451732,-5.660732,-0.324732,1.876268,3.034268,0.183268,-8.019732,-4.458732,4.080268,-2.429732,1.125268,-4.164732,3.015268,-0.129732,-9.035732,6.534268,0.082268,-2.615732,6.225268,-2.321732,-0.722732,-2.755732,-6.610732,-0.275732,-3.904732,-2.825732,-1.544732,-1.678732,1
-2.696732,-4.889732,6.164268,1.030268,2.864268,-2.122732,-3.511732,1.506268,-0.979732,-9.568732,-11.244732,0.476268,3.307268,-6.965732,4.518268,2.930268,6.177268,-0.511732,4.106268,6.193268,-7.199732,-4.613732,-8.885732,-0.945732,4.166268,0.314268,2.141268,-13.692732,1.235268,1.923268,1.135268,0.050268,1
-2.278732,3.474268,3.198268,-4.189732,2.459268,-6.234732,3.382268,-1.881732,2.106268,2.868268,-1.934732,-3.032732,0.226268,-2.904732,-1.592732,-5.703732,1.936268,-7.042732,-3.055732,-2.216732,-6.845732,-2.764732,-1.909732,-2.719732,-1.534732,-1.562732,-7.355732,-1.317732,-7.667732,3.322268,-7.371732,-5.076732,1
1.461268,-19.545732,-0.369732,-3.101732,0.507268,-5.813732,2.416268,1.052268,0.561268,-0.025732,-1.230732,-8.490732,-1.907732,4.205268,-0.790732,-7.799732,-0.044732,-0.083732,-11.212732,-2.461732,-1.955732,2.172268,4.279268,-2.172732,-4.627732,4.473268,-2.596732,-1.855732,-10.522732,-1.062732,0.039268,-3.413732,1
-3.483732,-7.352732,4.278268,-4.757732,-1.537732,-7.493732,3.438268,-2.846732,-2.884732,-10.407732,-6.810732,4.885268,-8.880732,-9.619732,-6.064732,5.444268,4.037268,-3.759732,5.512268,-0.868732,-1.792732,1.062268,-6.048732,0.752268,-1.361732,-11.791732,-6.787732,-1.663732,10.641268,6.507268,11.316268,1.554268,1
8.348268,-4.053732,2.930268,7.417268,5.857268,0.058268,1.059268,6.315268,-2.820732,-1.000732,-1.373732,-4.868732,-4.446732,0.944268,13.921268,-2.680732,-8.981732,-1.275732,2.788268,-4.580732,3.570268,2.617268,0.751268,-1.101732,5.838268,-1.135732,-8.319732,5.062268,-3.280732,-4.316732,9.034268,-5.614732,1
0.224268,-5.755732,-7.216732,-1.233732,-4.492732,-1.785732,0.504268,3.768268,5.135268,4.128268,-0.668732,1.252268,0.560268,-2.633732,1.236268,2.467268,-4.658732,5.006268,-4.530732,-4.215732,1.289268,-3.225732,3.263268,12.058268,6.609268,6.768268,1.717268,-0.629732,-1.362732,-4.209732,7.890268,-4.170732,1
-0.362732,11.278268,-4.687732,-14.730732,0.974268,7.490268,-2.100732,-3.876732,-0.261732,-3.200732,2.165268,3.629268,1.172268,-2.285732,9.113268,-8.863732,-2.133732,5.525268,-10.470732,-8.303732,-4.676732,-1.834732,1.497268,3.283268,-16.807732,0.309268,4.970268,0.092268,-0.977732,5.815268,-9.643732,-0.907732,1
-0.258732,4.191268,-1.288732,-5.911732,-1.741732,-10.108732,-2.161732,-2.745732,-3.663732,-7.444732,-0.199732,-2.370732,-7.780732,0.149268,-6.420732,6.064268,-0.263732,-1.182732,0.184268,2.375268,-1.578732,-8.751732,-6.953732,1.867268,-2.243732,1.934268,1.237268,2.555268,-3.815732,-14.957732,-2.916732,0.005268,1
-2.151732,-5.347732,4.371268,1.892268,2.429268,0.673268,-6.566732,-4.831732,7.225268,-0.358732,-3.172732,-6.991732,2.482268,-3.668732,7.172268,5.696268,-2.099732,3.780268,-10.433732,-9.282732,1.827268,-13.600732,-0.270732,-5.235732,-8.143732,-4.456732,-1.130732,5.147268,-0.184732,8.587268,-0.760732,0.860268,1
-1.123732,-1.506732,-2.757732,-3.520732,-0.167732,0.524268,-6.046732,1.872268,-13.512732,0.855268,5.850268,0.802268,-7.471732,-2.209732,3.915268,-10.281732,0.454268,-1.142732,18.122268,-2.763732,-7.174732,12.124268,0.699268,-0.773732,-9.477732,-6.388732,-0.596732,-3.013732,-4.058732,3.102268,-2.638732,0.595268,1
3.757268,-6.967732,1.041268,-3.015732,6.555268,2.517268,12.203268,1.042268,-0.373732,-4.895732,-0.283732,1.362268,-6.417732,0.884268,-3.385732,1.371268,-10.430732,-1.200732,-4.912732,-4.280732,6.106268,-9.800732,3.150268,-2.415732,-3.432732,-0.023732,-0.057732,-4.974732,-3.987732,-13.875732,0.185268,-3.649732,1
0.244268,-10.357732,-3.918732,-1.617732,-3.673732,0.518268,-4.260732,1.068268,-8.297732,-0.063732,-4.298732,2.050268,13.958268,-13.064732,-4.656732,-8.267732,-6.048732,-0.417732,2.554268,-0.017732,-2.449732,-3.588732,0.010268,-4.617732,3.288268,-4.956732,5.708268,2.667268,-6.846732,-4.687732,1.389268,-0.590732,1
-6.774732,-8.875732,-5.100732,-22.392732,0.690268,4.906268,5.932268,0.393268,-2.868732,0.303268,-0.072732,-2.832732,-1.271732,1.987268,-8.300732,-3.189732,-8.531732,-0.889732,-5.830732,-9.619732,-3.011732,-7.999732,-8.470732,0.114268,18.121268,-0.390732,-2.258732,2.556268,0.843268,-0.716732,-3.838732,-8.245732,1
-2.807732,-4.122732,-3.725732,-2.182732,-3.365732,-2.262732,3.679268,-2.632732,3.063268,3.801268,3.011268,3.606268,-3.582732,16.344268,-0.895732,-6.273732,-2.917732,1.727268,2.852268,5.690268,-4.528732,6.081268,-4.352732,-5.394732,-0.612732,-6.629732,-5.043732,8.207268,2.183268,-0.975732,0.133268,-8.864732,1
-9.425732,3.425268,0.824268,-10.734732,-1.153732,-2.192732,-17.071732,-5.946732,-7.661732,4.825268,-2.876732,2.322268,-6.057732,-5.582732,7.032268,-5.405732,2.545268,-3.313732,-2.860732,-4.927732,-4.468732,0.873268,-2.885732,-4.092732,-5.475732,-3.202732,-6.365732,-2.539732,-4.856732,10.156268,-8.195732,-5.522732,1
-7.529732,-1.978732,-4.762732,5.165268,-0.003732,1.795268,1.067268,-3.542732,1.211268,-2.525732,-0.324732,1.107268,0.802268,-10.241732,-3.091732,3.563268,0.116268,-1.641732,-9.958732,3.600268,-4.205732,1.586268,0.329268,-0.180732,-2.471732,-10.280732,1.223268,-4.354732,1.496268,3.269268,-4.162732,1.466268,1
0.688268,-3.592732,-0.253732,-1.935732,-6.677732,-1.711732,-1.023732,4.437268,-0.861732,6.796268,9.956268,0.132268,-5.618732,-1.980732,2.386268,-6.706732,3.967268,0.897268,-9.524732,-13.097732,-5.852732,4.944268,-5.281732,0.992268,-5.414732,3.246268,-0.083732,2.199268,-4.561732,-3.153732,-2.414732,-6.800732,1
-5.625732,-4.580732,5.069268,-4.351732,3.140268,-2.224732,-3.381732,-0.754732,-0.178732,-0.074732,-2.252732,-7.957732,5.850268,1.692268,2.900268,0.523268,-2.227732,1.137268,-5.284732,-11.209732,-2.330732,-5.659732,-0.799732,4.417268,4.421268,-6.184732,-4.702732,-5.603732,5.116268,-2.341732,-2.403732,-5.664732,1
-2.237732,-8.916732,-0.205732,-6.043732,-3.160732,-3.519732,7.106268,-2.755732,-1.893732,6.212268,-0.801732,-2.078732,0.911268,-2.422732,-4.435732,-11.611732,0.496268,-0.163732,-0.869732,-2.661732,-2.109732,1.172268,0.358268,2.492268,-0.853732,-6.632732,2.998268,-14.755732,4.954268,5.092268,-4.541732,2.058268,1
-1.041732,3.051268,-1.134732,3.497268,4.104268,-4.212732,0.050268,-4.713732,6.194268,2.651268,-4.663732,-22.984732,-0.649732,-10.574732,-8.702732,5.436268,1.260268,3.995268,0.318268,2.622268,0.696268,3.194268,-10.243732,6.040268,5.189268,-1.828732,2.233268,4.267268,6.319268,-10.496732,-2.094732,0.186268,1
-3.835732,-7.637732,-0.824732,-3.395732,8.363268,1.249268,8.691268,2.866268,1.368268,-6.450732,-1.555732,-0.421732,2.863268,0.051268,-6.707732,0.696268,0.215268,-0.817732,-2.451732,-0.551732,-0.189732,2.460268,7.294268,3.324268,-1.400732,0.700268,-4.603732,-0.164732,5.543268,-13.962732,5.939268,-0.153732,1
4.673268,2.562268,-1.198732,-2.209732,-0.467732,-0.725732,1.749268,1.333268,4.591268,-1.190732,-1.964732,-0.503732,2.831268,8.834268,6.748268,-11.353732,-4.552732,-3.379732,-7.745732,3.190268,-10.889732,-2.194732,-11.417732,20.463268,-7.798732,-0.334732,1.845268,-7.615732,1.737268,2.968268,-2.926732,-6.604732,1
5.241268,7.940268,2.789268,2.885268,-2.150732,-9.756732,4.263268,-0.993732,-1.104732,-2.088732,-0.991732,-4.558732,-3.933732,-11.827732,-2.526732,-7.475732,0.017268,1.876268,-2.183732,-5.699732,-2.853732,-0.547732,-1.773732,-2.489732,-7.429732,-2.070732,4.323268,4.126268,-1.294732,-7.442732,-0.741732,1.341268,1
-6.954732,-1.929732,6.392268,-3.034732,0.148268,-8.008732,1.141268,16.860268,-5.196732,-0.757732,-10.164732,0.451268,-7.424732,0.376268,3.560268,-3.184732,-11.443732,0.918268,-2.577732,-5.726732,0.654268,-1.996732,5.803268,4.774268,0.267268,-9.437732,-2.698732,-2.595732,-3.263732,-0.095732,-0.581732,4.505268,1
-5.565732,3.147268,-1.983732,-10.081732,-4.350732,1.376268,0.891268,-4.234732,-2.822732,-0.076732,-2.925732,-7.407732,4.457268,-17.382732,4.056268,-4.495732,-2.086732,0.091268,1.118268,-4.528732,-3.764732,16.846268,-6.853732,0.236268,-0.386732,4.311268,-8.302732,1.954268,-1.056732,1.715268,-0.454732,3.910268,1
-3.987732,1.926268,2.055268,0.322268,1.527268,0.587268,-5.366732,-3.468732,-2.703732,1.065268,-3.016732,-7.866732,0.605268,-4.348732,-2.980732,0.940268,0.936268,7.343268,-5.332732,-0.070732,8.197268,-1.668732,-2.368732,3.998268,6.934268,-4.283732,1.069268,0.463268,-1.934732,0.027268,-9.457732,2.182268,1
-9.229732,20.198268,1.689268,6.444268,7.186268,-20.850732,-8.493732,-0.710732,1.437268,-1.250732,5.772268,-5.781732,2.205268,-13.888732,-2.281732,2.216268,3.408268,8.304268,7.907268,-3.690732,-9.678732,-5.281732,1.615268,0.169268,3.411268,4.191268,-7.267732,-3.478732,-2.720732,-1.528732,4.501268,-11.821732,1
-1.032732,-2.760732,1.372268,-1.859732,-1.251732,2.918268,-7.012732,-1.444732,-3.819732,-1.153732,-3.319732,4.133268,-0.457732,-5.007732,3.719268,-0.945732,6.211268,9.845268,3.421268,-3.652732,-5.183732,5.389268,-7.573732,-1.663732,-4.395732,-0.162732,-5.400732,1.867268,0.349268,-5.391732,-0.625732,1.294268,1
-7.321732,-2.639732,-2.243732,-4.478732,-2.769732,-3.495732,7.630268,-6.030732,8.686268,1.993268,-1.725732,-0.978732,-0.730732,2.933268,1.423268,6.442268,-5.057732,-3.751732,2.937268,5.153268,3.024268,-3.162732,3.019268,1.963268,-3.318732,-6.365732,-7.633732,-0.329732,-3.713732,-0.358732,-4.858732,-7.467732,1
-4.106732,2.020268,-5.671732,7.179268,-6.992732,-1.006732,1.130268,-12.189732,-2.637732,-3.982732,-3.923732,-3.509732,-1.038732,5.792268,-3.653732,-2.904732,-0.646732,-2.514732,3.700268,-6.802732,0.388268,-0.054732,3.902268,0.863268,-0.454732,2.064268,-11.041732,-0.106732,-0.873732,-8.462732,-6.776732,-0.257732,1
-1.753732,-4.764732,1.906268,-8.113732,-2.489732,3.431268,3.918268,-0.878732,14.596268,1.880268,-5.131732,-4.249732,4.470268,-3.034732,-18.444732,2.619268,-22.195732,-2.060732,-2.059732,-6.820732,-7.431732,-6.689732,5.131268,3.981268,-2.434732,-6.758732,0.957268,2.131268,4.730268,-1.225732,1.018268,-1.565732,1
3.012268,-1.227732,2.409268,-6.125732,-5.656732,2.819268,-1.766732,-1.605732,-2.845732,0.586268,-8.727732,2.228268,6.162268,-8.486732,-2.038732,0.267268,-1.986732,-2.880732,-0.415732,-0.804732,-1.581732,3.698268,2.279268,-0.804732,-0.845732,2.390268,-0.009732,2.987268,3.445268,-3.152732,-0.639732,-3.477732,1
2.908268,1.565268,-2.411732,7.742268,9.366268,-12.139732,-8.546732,-1.736732,2.525268,-1.173732,8.992268,4.121268,1.090268,1.601268,-2.274732,2.394268,7.222268,-3.255732,-6.245732,-1.555732,3.755268,-4.682732,-4.834732,-4.891732,-6.956732,-6.173732,5.184268,-1.370732,-10.926732,-0.919732,2.304268,17.921268,1
0.003268,-1.086732,-1.283732,1.496268,4.034268,-5.177732,-1.077732,2.872268,-1.963732,-0.875732,0.508268,1.601268,-5.844732,-4.634732,-1.144732,-2.987732,-4.761732,-5.099732,-2.193732,-3.171732,3.386268,-3.290732,-0.599732,1.086268,-0.111732,-6.744732,4.893268,-1.256732,-7.212732,-0.245732,3.864268,-0.689732,1
-3.695732,0.797268,9.062268,-2.740732,-5.010732,-7.588732,-0.197732,-16.852732,3.984268,-0.977732,-4.403732,-9.601732,0.978268,-4.730732,3.784268,-3.956732,-2.783732,-2.279732,-3.225732,-6.243732,-9.995732,0.084268,-6.438732,-6.016732,-1.299732,-3.970732,5.324268,-2.462732,5.307268,-3.755732,1.894268,-3.973732,1
-4.715732,-5.411732,-2.086732,0.826268,-1.676732,-3.110732,-1.062732,-5.914732,0.119268,4.157268,1.512268,-8.117732,-4.985732,3.146268,-6.125732,-1.891732,-8.985732,-0.552732,-4.287732,5.302268,-5.646732,4.338268,-1.293732,-0.518732,-7.596732,-2.084732,-6.334732,4.414268,2.732268,-8.110732,-2.214732,-1.616732,1
1.242268,1.651268,-3.482732,-1.794732,-1.878732,3.789268,-10.152732,6.493268,-10.364732,-9.094732,-3.995732,-7.370732,-8.516732,2.498268,19.951268,-0.276732,-1.355732,11.307268,-1.709732,-9.863732,-5.302732,-1.865732,-8.842732,2.270268,-3.685732,5.014268,2.254268,5.794268,5.170268,-7.258732,-0.952732,3.309268,1
6.534268,-2.781732,-9.014732,6.971268,-6.453732,-0.415732,1.263268,-0.130732,3.223268,-2.209732,4.987268,-3.184732,-0.045732,-0.982732,3.894268,-0.314732,-9.305732,-7.823732,-6.312732,0.578268,-4.697732,9.191268,-4.341732,-5.587732,3.898268,-3.006732,-10.597732,-0.640732,1.294268,7.665268,-4.920732,2.604268,1
5.476268,4.323268,1.584268,-0.728732,-2.745732,0.740268,0.000268,3.828268,-2.919732,3.900268,-3.144732,-0.073732,1.920268,4.801268,-7.904732,-5.891732,-4.142732,-6.674732,-1.558732,-0.528732,0.310268,0.939268,0.078268,5.019268,-2.832732,16.100268,-4.853732,-6.423732,-2.106732,2.221268,-0.552732,4.268268,1
-2.458732,-1.395732,-2.748732,-4.748732,-6.784732,-1.685732,3.397268,-1.417732,-2.198732,-1.013732,-0.777732,3.059268,-2.027732,-6.176732,0.603268,-1.765732,-5.017732,-8.441732,4.117268,-5.528732,6.288268,4.765268,-1.972732,-1.334732,-2.199732,0.254268,-4.431732,0.334268,-0.205732,-12.304732,-3.456732,-6.756732,1
-8.904732,-1.750732,4.339268,-5.619732,-1.701732,3.597268,3.290268,1.254268,2.543268,2.482268,-4.240732,4.775268,2.533268,6.993268,3.100268,1.954268,3.244268,-9.739732,-9.347732,-2.859732,0.445268,-7.192732,-7.596732,-3.239732,-3.949732,2.579268,-4.046732,-1.513732,2.372268,5.612268,-9.058732,4.161268,1
-5.395732,-2.311732,-20.736732,1.241268,6.782268,-3.867732,-1.948732,0.530268,-2.927732,1.063268,0.461268,-3.220732,-8.870732,0.552268,5.983268,-3.768732,-9.369732,-4.141732,-0.817732,-0.703732,-3.834732,-6.268732,3.268268,-1.366732,4.464268,-0.301732,5.514268,-3.478732,-3.917732,-2.882732,-1.849732,0.494268,1
-2.530732,1.937268,2.007268,4.139268,-5.898732,-1.172732,-3.962732,-1.122732,2.114268,-2.332732,-6.978732,-0.531732,-11.740732,0.320268,-3.634732,-0.739732,-4.802732,-2.645732,2.674268,-0.659732,15.170268,-6.819732,-0.570732,-3.269732,2.856268,-0.259732,2.541268,-7.969732,-2.501732,1.398268,6.626268,-1.286732,1
-7.198732,2.121268,-2.049732,0.641268,0.258268,2.753268,3.010268,14.022268,0.122268,10.093268,-0.022732,-0.316732,-0.773732,-0.921732,-3.860732,-3.693732,4.664268,4.170268,8.446268,3.794268,-1.512732,1.591268,2.076268,1.391268,0.876268,-7.787732,0.358268,0.436268,-0.679732,-1.490732,-0.613732,-7.074732,1
-6.051732,-0.187732,-3.024732,-11.321732,-6.075732,5.338268,5.532268,-17.139732,-7.339732,-2.077732,2.365268,-0.629732,5.034268,2.166268,4.561268,8.017268,-0.539732,-6.282732,-8.615732,-1.990732,-5.111732,-2.592732,1.504268,0.077268,6.975268,1.419268,-8.527732,-0.691732,-0.281732,-4.936732,8.079268,20.641268,1
2.976268,-5.347732,-3.821732,-5.573732,-4.848732,2.132268,1.120268,-3.272732,8.105268,4.324268,-3.432732,1.157268,-0.909732,-2.444732,1.904268,-1.918732,2.412268,-13.406732,-12.725732,-0.771732,0.136268,1.801268,1.132268,-6.691732,-1.512732,-4.892732,3.878268,1.319268,0.022268,-3.993732,-8.515732,3.818268,1
-1.323732,1.002268,2.742268,0.901268,-0.288732,-4.211732,4.338268,-9.773732,-1.589732,-1.174732,2.107268,4.368268,-4.943732,-6.537732,-2.553732,-14.225732,-1.500732,-5.315732,4.280268,3.444268,9.119268,4.807268,-0.058732,-3.834732,-7.150732,-7.365732,0.765268,-10.696732,-9.887732,-5.772732,-4.605732,2.115268,1
-0.182732,-20.480732,-0.932732,-7.602732,-3.347732,-7.395732,0.724268,-1.795732,4.600268,5.913268,-7.113732,1.965268,-0.284732,-1.793732,2.238268,-6.909732,-2.478732,2.847268,1.844268,3.163268,-2.570732,-3.505732,0.080268,7.048268,0.129268,-3.182732,-3.508732,1.915268,-4.114732,2.503268,-3.137732,-4.284732,1
3.558268,-1.318732,1.749268,-3.643732,5.444268,-10.027732,0.075268,-2.081732,-5.575732,-0.131732,3.246268,-3.836732,6.974268,-5.126732,-1.050732,-7.228732,-0.532732,3.161268,2.240268,2.361268,-6.359732,-1.532732,-3.661732,-3.471732,0.462268,-0.759732,-8.898732,1.747268,2.130268,-0.228732,4.000268,2.328268,1
-6.673732,2.286268,0.687268,-6.465732,-6.178732,-10.770732,-7.590732,-3.843732,-3.725732,0.771268,-5.648732,-9.063732,-0.382732,-9.391732,-3.905732,-1.902732,-2.290732,-3.301732,3.905268,16.136268,0.088268,0.474268,-7.201732,-5.516732,0.821268,-5.524732,-10.675732,-7.133732,5.957268,-3.456732,-6.094732,0.907268,1
-6.264732,2.555268,0.294268,-1.282732,-3.091732,-2.276732,2.578268,-10.014732,-5.687732,-4.294732,0.656268,-2.055732,2.222268,6.197268,-5.891732,-0.232732,-5.814732,-1.880732,-0.063732,-0.080732,-6.869732,6.020268,-9.493732,4.760268,2.619268,-6.104732,-5.485732,-2.447732,0.783268,1.812268,-3.632732,7.409268,1
5.762268,-5.816732,0.467268,-0.911732,-5.820732,-13.756732,-0.958732,-5.126732,-1.917732,-7.347732,1.553268,-3.589732,-5.287732,-0.191732,-4.377732,2.547268,-4.190732,-6.538732,5.812268,-4.461732,-6.725732,6.671268,-2.000732,-1.146732,-2.267732,-3.179732,4.339268,2.602268,2.396268,4.037268,0.766268,-0.470732,1
-4.195732,-2.657732,-3.158732,1.803268,-8.894732,6.333268,3.947268,6.043268,1.704268,12.632268,-2.104732,4.240268,0.870268,-3.503732,-4.911732,3.126268,-4.469732,-0.645732,-8.575732,-0.903732,-4.583732,-9.526732,3.803268,-0.927732,-2.836732,-0.222732,-0.686732,2.748268,0.910268,-1.893732,2.405268,4.295268,1
3.272268,-3.234732,4.952268,-4.508732,0.136268,-4.041732,-4.952732,2.797268,1.744268,-7.819732,-1.397732,4.753268,-4.839732,-3.268732,8.819268,-10.597732,5.462268,-4.617732,-0.351732,1.053268,9.570268,0.887268,-7.145732,2.358268,-9.230732,-5.484732,-7.394732,1.217268,-4.738732,-1.716732,-8.333732,9.500268,1
4.992268,3.894268,-1.588732,-3.064732,-9.743732,-2.612732,3.442268,-2.341732,-1.693732,-1.687732,4.742268,6.577268,-0.627732,0.656268,-4.471732,4.827268,-6.156732,-0.483732,-2.172732,-1.571732,18.063268,-13.284732,2.265268,-1.834732,-0.364732,-2.789732,-4.598732,-0.965732,-0.818732,1.737268,3.624268,-0.213732,1
-7.535732,-4.099732,-4.181732,-2.170732,-3.777732,3.215268,-7.258732,-2.459732,0.906268,1.144268,-14.800732,-5.832732,-7.832732,-0.774732,0.739268,-1.398732,1.034268,0.842268,-16.717732,-7.769732,-2.594732,-3.175732,-3.658732,2.689268,-0.007732,1.784268,-8.698732,-2.305732,-2.244732,7.393268,-1.329732,-3.068732,1
-5.674732,0.516268,1.121268,-0.491732,3.743268,-4.338732,5.028268,-19.615732,2.766268,-4.911732,0.118268,3.193268,-10.067732,-4.620732,-4.868732,-4.435732,5.217268,12.504268,-2.451732,1.684268,2.010268,-7.294732,-5.233732,-3.915732,-3.371732,-7.701732,-1.399732,-1.482732,2.822268,3.169268,0.020268,3.142268,1
-5.270732,5.382268,1.578268,-1.520732,-6.260732,0.917268,-1.369732,-2.340732,5.262268,-1.488732,-2.214732,0.443268,-5.526732,2.268268,6.129268,-5.865732,1.811268,-0.427732,-5.952732,-7.937732,-6.959732,-2.599732,-6.965732,-2.986732,3.529268,-5.744732,-1.013732,4.267268,6.711268,0.340268,-1.266732,-4.141732,1
3.697268,-6.371732,-1.877732,0.299268,-4.453732,-2.005732,-7.664732,-0.829732,-5.135732,-3.073732,-6.295732,-1.713732,-3.529732,4.219268,-5.419732,-9.259732,6.330268,-2.307732,-2.286732,1.629268,-0.638732,3.571268,1.841268,3.056268,1.667268,-0.747732,-7.828732,-9.379732,-0.787732,3.226268,8.747268,-0.030732,1
7.672268,-4.130732,3.622268,-5.274732,-0.587732,-18.696732,-3.738732,-2.206732,-9.797732,-0.638732,-4.153732,1.095268,-4.235732,-2.615732,1.532268,4.386268,7.549268,-2.103732,1.368268,-5.694732,-2.176732,3.938268,5.923268,-2.665732,8.850268,-1.005732,3.154268,4.145268,3.468268,7.502268,-1.720732,10.012268,1
-4.842732,-0.388732,0.675268,0.980268,1.360268,-10.276732,-4.035732,-0.816732,6.527268,-2.902732,-5.692732,-4.278732,-6.147732,2.875268,-0.416732,-2.980732,-1.818732,1.365268,1.247268,-2.546732,4.728268,-2.735732,-0.514732,0.605268,0.462268,-3.550732,-1.794732,6.234268,-4.491732,-1.863732,-7.117732,-1.668732,1
2.793268,-1.743732,-6.137732,-4.467732,0.035268,-10.187732,-1.905732,-12.756732,-3.531732,1.875268,-9.228732,-1.104732,-2.245732,1.846268,1.696268,6.630268,0.062268,2.335268,-4.346732,-2.400732,-0.259732,1.536268,-0.868732,-0.125732,-4.811732,0.157268,4.703268,3.208268,-7.775732,10.337268,-0.248732,-3.280732,1
-3.966732,-2.829732,0.526268,-1.450732,-2.198732,6.527268,-2.555732,2.025268,-4.816732,1.280268,0.846268,-1.845732,1.419268,-11.709732,-5.753732,-9.035732,-2.477732,-8.127732,-5.730732,-3.623732,-2.713732,-2.753732,0.691268,-3.014732,3.296268,-1.943732,2.596268,-3.702732,-11.982732,-1.692732,3.340268,4.774268,1
3.944268,2.376268,-2.230732,6.885268,-9.132732,-7.241732,1.030268,2.564268,-2.726732,5.177268,0.813268,-6.084732,-3.063732,-0.952732,-7.147732,2.781268,5.648268,-7.036732,-5.633732,2.309268,-5.651732,-1.346732,-0.287732,-5.530732,0.872268,-23.022732,-3.203732,-2.088732,0.209268,1.076268,4.904268,1.318268,1
-2.288732,-3.351732,-2.262732,-2.889732,0.378268,-0.120732,-4.488732,-9.707732,2.421268,-6.324732,-5.186732,14.624268,-8.133732,-4.847732,-7.593732,9.969268,20.625268,2.107268,3.267268,0.802268,1.376268,-6.422732,-2.572732,-0.559732,5.128268,-1.302732,-5.122732,-0.027732,-3.366732,-1.719732,-2.189732,8.148268,1
-5.296732,-6.295732,-0.189732,-5.491732,-1.649732,-2.860732,-4.042732,5.158268,-2.686732,-1.906732,-2.226732,2.434268,-3.473732,-3.960732,3.937268,7.364268,-5.633732,-2.485732,0.906268,-6.921732,-0.419732,-4.465732,4.645268,-2.204732,1.715268,-4.823732,-6.999732,-1.509732,-2.696732,2.898268,4.395268,0.951268,1
0.381268,-1.950732,5.844268,3.393268,0.359268,8.183268,-1.560732,2.866268,5.064268,-0.003732,-1.092732,4.175268,3.356268,1.560268,0.761268,-1.652732,2.773268,-1.684732,5.283268,-3.989732,1.503268,-8.542732,3.137268,-9.281732,1.035268,-12.367732,5.022268,-10.054732,-5.615732,2.260268,0.060268,2.365268,1
-0.032732,19.854268,1.885268,-9.412732,1.204268,-1.771732,-0.152732,-6.112732,-1.288732,-8.486732,-2.958732,-1.105732,0.117268,1.419268,1.895268,-1.708732,-1.989732,-4.319732,5.883268,-4.299732,-4.963732,-1.587732,-1.070732,4.094268,1.859268,0.891268,3.404268,-1.571732,0.911268,-8.904732,-2.289732,5.534268,1
4.161268,-2.740732,3.013268,-7.215732,3.841268,-5.371732,-4.226732,-3.536732,9.908268,-0.990732,-0.552732,2.737268,2.339268,2.987268,-1.240732,0.322268,1.337268,2.408268,-0.335732,-2.518732,-2.562732,-3.020732,-7.867732,0.492268,-3.326732,-5.501732,-5.456732,0.559268,-8.114732,-1.966732,-9.918732,-2.818732,1
0.257268,-5.184732,-4.428732,-3.527732,1.047268,-7.343732,-4.327732,-2.248732,0.118268,-7.390732,-4.423732,-8.486732,2.370268,-1.391732,-9.466732,-0.394732,-5.146732,-6.728732,-4.390732,-5.197732,-5.320732,-3.123732,-8.535732,-1.363732,-6.706732,2.569268,-3.629732,-0.542732,2.544268,-11.738732,-1.416732,2.122268,1
1.288268,3.190268,2.393268,-1.835732,7.499268,-6.832732,-1.037732,-0.089732,3.223268,-4.088732,-3.530732,-0.329732,-4.002732,2.370268,0.160268,0.546268,-6.151732,-3.500732,0.632268,1.757268,10.219268,0.208268,-1.097732,5.440268,-3.869732,0.872268,1.864268,5.671268,-3.527732,0.978268,3.609268,-5.057732,1
-2.007732,1.804268,-0.628732,-1.636732,-1.458732,-3.801732,-3.381732,-1.364732,2.492268,2.726268,-11.134732,2.600268,-0.010732,4.317268,-1.798732,-2.157732,-7.685732,1.598268,-5.000732,2.303268,1.017268,0.075268,-7.644732,2.252268,-3.803732,-2.941732,1.488268,-4.093732,5.477268,-2.987732,-6.114732,4.540268,1
-1.419732,-3.561732,-11.596732,-3.408732,0.142268,2.589268,-0.869732,-7.296732,3.751268,-5.602732,1.034268,6.444268,14.978268,2.025268,-1.482732,-2.373732,2.430268,-4.991732,10.257268,-1.217732,-0.231732,-6.533732,3.616268,-2.795732,4.158268,-7.192732,6.148268,0.260268,-1.504732,2.290268,-5.008732,-0.211732,1
-3.163732,-1.611732,-0.285732,5.282268,4.313268,-1.206732,-0.135732,4.260268,2.636268,-3.843732,4.622268,2.444268,-9.049732,-2.297732,2.811268,3.862268,-2.259732,4.930268,-3.413732,6.658268,-3.471732,8.515268,17.437268,2.285268,2.393268,-3.236732,0.996268,-19.086732,-2.966732,5.655268,-7.318732,3.845268,1
-3.639732,-2.122732,-3.300732,0.265268,1.758268,-3.049732,-4.649732,4.200268,0.799268,-1.661732,-6.857732,-1.382732,6.649268,1.180268,-1.849732,-3.765732,5.354268,1.545268,4.693268,3.449268,3.529268,-1.346732,1.604268,-2.581732,-3.429732,15.094268,-1.307732,-3.075732,-0.097732,-14.865732,5.472268,4.372268,1
-7.366732,-0.858732,1.775268,1.472268,-2.797732,3.361268,-0.874732,-1.807732,-5.200732,-0.199732,3.740268,5.176268,16.501268,2.381268,0.852268,-7.687732,3.349268,-2.769732,4.446268,-6.088732,6.248268,-6.237732,0.387268,-8.043732,-1.958732,-4.558732,-7.240732,-4.456732,0.083268,-4.022732,-2.799732,-4.830732,1
2.691268,-2.511732,-0.683732,3.369268,-9.202732,1.106268,-0.693732,-2.060732,-0.816732,0.316268,5.468268,2.048268,-4.381732,0.296268,5.034268,8.213268,0.198268,-6.805732,3.228268,4.223268,-2.197732,-0.770732,4.567268,-3.151732,-7.206732,1.066268,4.451268,3.580268,-0.139732,1.279268,-1.417732,-7.015732,1
-2.759732,-6.833732,-5.161732,-8.542732,-7.083732,-8.015732,-2.961732,-1.630732,-9.518732,7.460268,0.154268,-4.851732,-5.419732,-7.334732,0.921268,-4.840732,-7.264732,7.273268,-1.619732,2.572268,2.832268,-10.856732,-4.957732,1.117268,0.026268,1.463268,-2.581732,1.645268,-1.035732,-2.893732,-2.517732,-3.351732,1
-8.497732,-5.472732,-2.236732,-4.943732,-3.722732,-0.105732,1.674268,3.093268,5.073268,-1.991732,-0.044732,-4.105732,-1.202732,-3.303732,1.130268,1.426268,1.223268,-1.854732,4.366268,-15.918732,-0.539732,-1.839732,-3.559732,0.839268,-2.509732,1.619268,0.473268,0.013268,2.846268,-9.061732,-11.348732,3.708268,1
0.615268,-9.484732,3.019268,-4.926732,-9.832732,-17.468732,1.089268,2.901268,3.667268,-3.422732,-1.587732,-1.849732,-1.477732,-1.852732,-4.397732,3.541268,-4.427732,-12.702732,0.709268,-0.430732,-1.147732,-1.498732,3.132268,0.139268,0.657268,8.075268,6.101268,-10.811732,-10.214732,1.289268,2.333268,2.706268,1
-8.818732,-0.895732,0.796268,2.173268,3.233268,1.374268,-1.769732,-1.995732,-4.506732,-2.881732,-4.644732,3.945268,7.989268,-0.971732,-1.863732,5.076268,0.648268,-6.008732,-3.456732,-3.697732,-3.099732,-4.028732,3.664268,-2.847732,4.430268,8.180268,-0.897732,-1.420732,-8.458732,-7.783732,3.623268,-1.147732,1
-3.750732,8.658268,0.806268,-2.994732,2.103268,-3.026732,0.878268,-8.275732,4.448268,0.626268,-1.455732,-0.799732,6.874268,1.220268,-0.123732,-2.333732,-2.956732,1.174268,5.055268,-5.072732,-0.205732,-2.988732,-0.339732,-4.206732,-0.404732,-2.095732,-13.063732,5.054268,-1.381732,17.479268,-3.322732,-3.012732,1
4.190268,2.011268,-1.236732,3.039268,5.686268,10.244268,3.439268,5.700268,3.029268,1.617268,-6.029732,-5.533732,5.174268,-3.163732,1.988268,-2.568732,-0.671732,-9.026732,-1.728732,-10.642732,0.229268,-2.758732,1.986268,-0.668732,1.557268,-7.640732,-4.181732,-2.652732,-13.012732,2.609268,3.061268,-1.719732,1
-1.002732,-1.105732,-2.049732,0.880268,-5.559732,2.962268,-4.101732,-6.985732,-2.748732,-0.374732,-2.254732,-0.616732,-2.992732,-6.659732,0.030268,-1.406732,1.114268,-10.691732,-1.864732,0.726268,-3.323732,3.391268,0.467268,3.985268,-15.665732,-5.076732,0.637268,-7.830732,1.844268,1.606268,5.045268,-0.590732,1
-0.152732,-0.494732,-2.881732,-2.148732,8.427268,-0.711732,-3.677732,-6.640732,0.172268,2.111268,-1.279732,-4.432732,5.239268,-4.325732,1.564268,-0.056732,-9.813732,2.552268,-5.911732,-17.730732,-0.713732,4.510268,4.461268,-3.105732,-4.400732,-4.605732,1.816268,-5.422732,-0.980732,-1.815732,-4.825732,5.225268,1
-3.888732,-22.068732,2.116268,2.281268,2.064268,-3.628732,-10.507732,-1.177732,-5.157732,8.848268,-3.155732,-9.097732,-7.659732,4.777268,-0.880732,0.183268,-7.809732,-1.722732,1.135268,-0.721732,1.596268,-3.860732,6.724268,-3.558732,-6.263732,1.962268,-10.365732,1.980268,-3.727732,2.341268,5.579268,0.816268,1
3.087268,-2.426732,7.792268,3.839268,9.910268,-8.094732,-4.722732,5.587268,7.577268,-4.241732,-0.515732,0.629268,-1.848732,4.929268,-1.061732,4.251268,3.562268,0.339268,-2.174732,1.493268,2.110268,9.325268,-4.020732,-1.313732,2.227268,-2.762732,-3.834732,-3.416732,-8.209732,-3.715732,-0.569732,-5.536732,1
5.634268,-4.691732,0.187268,-6.550732,-3.737732,7.278268,1.250268,-0.863732,-2.800732,-3.957732,-9.163732,1.969268,1.921268,6.596268,-9.338732,-0.907732,0.699268,-7.683732,0.491268,3.421268,0.204268,-3.911732,0.072268,-5.176732,3.428268,-2.823732,0.580268,1.196268,0.108268,2.989268,2.725268,2.583268,1
-3.818732,-8.669732,-9.449732,3.608268,2.411268,-0.665732,-9.468732,-0.907732,0.196268,5.226268,-0.329732,-3.719732,5.636268,-0.282732,-2.385732,-0.388732,0.768268,2.304268,0.111268,-0.080732,-1.119732,4.394268,-3.924732,-3.772732,-10.954732,-9.050732,-0.737732,-0.040732,2.593268,7.185268,-2.219732,-3.557732,1
3.071268,2.740268,-4.167732,-3.906732,0.831268,5.884268,-6.204732,-1.721732,-4.061732,5.835268,-18.009732,-4.250732,4.715268,-4.088732,0.279268,-5.401732,-0.808732,-3.831732,6.655268,-0.087732,-1.836732,2.930268,1.222268,-2.849732,-2.195732,-2.257732,14.535268,-6.442732,4.844268,-5.492732,-0.026732,7.568268,1
3.036268,1.405268,-0.883732,-7.342732,0.411268,-3.015732,-4.583732,-0.640732,-1.375732,-1.749732,1.013268,6.350268,-3.621732,11.123268,-1.772732,-5.807732,1.757268,-0.190732,-3.792732,2.091268,-4.678732,-3.641732,2.586268,4.424268,-1.506732,3.398268,-3.888732,-1.746732,-0.905732,-0.476732,-0.578732,5.684268,1
3.198268,-1.606732,-6.997732,2.085268,-3.576732,0.168268,2.514268,3.136268,-1.151732,4.030268,-5.192732,6.622268,4.585268,10.243268,5.386268,-12.331732,-4.015732,-1.711732,2.962268,-3.764732,-7.617732,-1.176732,-4.856732,-0.626732,7.239268,0.312268,0.876268,-7.425732,-5.951732,0.797268,-5.139732,-1.062732,1
-2.206732,3.472268,6.147268,4.695268,-7.143732,-3.222732,-3.051732,3.648268,-3.387732,-1.416732,-1.637732,5.298268,0.636268,-4.854732,2.037268,-4.191732,-6.533732,0.887268,7.919268,1.821268,-8.569732,2.596268,-0.671732,2.560268,-4.209732,6.928268,-7.941732,-0.508732,-5.644732,1.225268,1.418268,-5.692732,1
0.557268,4.264268,-22.531732,-3.535732,-7.694732,-0.784732,-2.941732,-8.882732,5.585268,-6.943732,-3.080732,-9.956732,-6.369732,5.717268,10.801268,-2.442732,3.727268,-6.521732,-5.140732,-7.055732,-3.699732,-1.198732,6.341268,-2.301732,-1.420732,4.742268,6.665268,-2.132732,5.030268,-13.405732,-8.408732,5.860268,1
-5.082732,-0.144732,-5.735732,4.544268,-8.683732,1.851268,10.942268,-10.675732,3.366268,3.630268,-10.105732,-3.190732,-0.541732,3.923268,-3.766732,-9.223732,-10.788732,-3.681732,-6.327732,-0.617732,-12.472732,-4.392732,-2.336732,3.924268,4.380268,-5.382732,-9.173732,-10.578732,0.055268,0.926268,-0.035732,-4.380732,1
8.238268,-1.979732,-4.788732,-3.079732,-0.078732,3.115268,-2.470732,-2.264732,-9.502732,-1.314732,-3.629732,2.956268,1.398268,-0.198732,-1.424732,-0.762732,-4.019732,-1.324732,-6.498732,4.198268,8.442268,12.066268,-3.261732,-7.693732,-7.227732,-0.843732,8.174268,-0.755732,-0.392732,-0.412732,-6.128732,-2.641732,1
0.284268,-5.849732,2.465268,-4.680732,-3.671732,-4.455732,-0.355732,5.882268,2.904268,-8.235732,4.499268,-1.349732,-4.502732,-9.308732,0.328268,-1.375732,-4.136732,7.723268,6.040268,0.142268,-2.858732,-1.415732,0.171268,-4.930732,-1.617732,-2.070732,-6.970732,-7.141732,-0.104732,-3.305732,-5.444732,5.989268,1
3.020268,3.122268,8.768268,-9.909732,-3.674732,7.718268,3.086268,-0.425732,-5.982732,2.799268,-4.179732,4.276268,0.520268,-4.685732,-17.031732,-7.100732,6.444268,-3.344732,-5.497732,4.053268,0.976268,0.351268,-5.678732,0.006268,-12.078732,3.275268,-2.124732,-2.070732,-12.989732,-7.344732,-4.897732,0.183268,1
0.149268,2.122268,-2.913732,3.507268,3.452268,2.635268,-5.130732,-1.895732,5.714268,-3.110732,4.597268,-3.953732,-9.634732,-4.898732,-3.643732,5.011268,-2.830732,-1.958732,2.843268,-0.615732,-21.288732,7.702268,-3.593732,1.309268,2.339268,3.733268,-5.824732,-0.317732,-1.927732,-1.969732,2.760268,-2.169732,1
3.176268,1.321268,-6.467732,-0.306732,-12.617732,-0.813732,-2.198732,-4.565732,-2.206732,2.978268,-2.645732,-4.043732,0.626268,-9.888732,1.268268,-4.651732,-2.511732,6.554268,-6.087732,-3.745732,1.870268,-2.216732,-1.448732,4.930268,-1.896732,-8.667732,-2.486732,-1.370732,-3.048732,-6.006732,1.763268,-1.374732,1
-1.952732,16.524268,2.565268,3.401268,6.494268,12.105268,-5.149732,-12.923732,1.542268,-4.629732,1.366268,-1.494732,-10.089732,-11.898732,-2.112732,-0.066732,-0.253732,-0.047732,8.646268,0.360268,-6.732732,5.935268,1.514268,-8.479732,-0.497732,-6.183732,-7.761732,3.527268,-2.076732,0.035268,1.137268,-4.671732,1
