-1.855732,-6.555732,-3.476732,1.279268,10.955268,6.630268,-6.854732,-4.541732,-5.050732,-1.343732,1.786268,2.591268,-1.409732,-1.231732,2.470268,10.569268,-0.572732,-2.176732,4.597268,-4.297732,-4.764732,-1.183732,10.058268,-0.128732,3.566268,-3.267732,-1.452732,6.548268,-1.870732,1.296268,-1.134732,4.166268,0
-0.657732,-0.255732,5.919268,-2.466732,6.121268,4.102268,-8.754732,3.843268,0.553268,-4.986732,3.572268,-3.894732,-4.295732,0.499268,6.686268,12.275268,-1.752732,-1.362732,-3.982732,-2.868732,-7.796732,-1.920732,6.864268,4.955268,-0.617732,2.650268,0.785268,-1.436732,5.416268,0.567268,10.259268,0.627268,0
-0.518732,8.489268,-9.961732,3.987268,-1.285732,-3.912732,-4.157732,4.324268,3.266268,1.476268,-3.612732,6.390268,5.510268,0.672268,10.528268,2.536268,-2.075732,0.086268,3.240268,-8.149732,-1.464732,-1.395732,11.864268,-3.744732,8.956268,-1.117732,4.263268,-0.756732,7.574268,4.677268,1.964268,-3.521732,0
-0.817732,0.464268,3.487268,8.711268,-1.030732,3.452268,2.393268,-0.764732,-1.481732,-1.682732,1.773268,0.974268,0.329268,3.687268,-1.916732,7.661268,4.678268,9.859268,5.887268,-1.162732,-0.428732,-6.366732,-2.026732,4.746268,-5.312732,5.735268,10.657268,-1.029732,1.514268,2.771268,5.912268,8.342268,0
3.135268,-3.985732,-1.935732,-1.336732,0.284268,13.005268,7.372268,-14.487732,-7.426732,4.775268,5.617268,-0.848732,-4.484732,4.606268,8.687268,-6.129732,4.682268,4.120268,3.063268,3.350268,13.147268,0.333268,-8.558732,4.683268,-4.755732,-2.395732,2.184268,-2.647732,7.464268,6.317268,-2.378732,-11.250732,0
-5.639732,-5.837732,-2.990732,5.370268,-0.284732,4.169268,7.929268,0.795268,0.315268,3.268268,-2.848732,-0.394732,-3.227732,3.428268,6.119268,-0.126732,4.611268,-1.772732,-3.964732,4.684268,-4.314732,5.416268,9.773268,3.976268,0.124268,1.909268,5.097268,-0.351732,-2.835732,0.888268,2.434268,-2.475732,0
1.665268,3.722268,5.997268,1.027268,1.965268,5.076268,0.145268,2.458268,-6.328732,8.934268,-5.377732,-1.183732,7.137268,2.316268,5.777268,2.867268,3.602268,4.486268,-0.905732,5.215268,-5.424732,3.900268,-1.703732,0.963268,1.421268,-2.122732,-0.181732,2.498268,-0.723732,1.382268,4.910268,-2.273732,0
-1.650732,-0.998732,4.174268,3.773268,-1.498732,-6.428732,3.381268,-7.810732,10.508268,-0.712732,0.644268,-5.766732,1.695268,-8.820732,5.166268,-2.833732,6.823268,3.231268,-4.603732,-2.094732,-19.946732,-0.539732,2.788268,5.272268,7.626268,4.196268,-3.720732,-1.943732,6.754268,-8.907732,-0.418732,-3.715732,0
-0.569732,-4.160732,-2.729732,1.321268,-0.148732,0.976268,-0.117732,0.380268,6.109268,7.006268,3.043268,2.030268,1.073268,6.660268,-4.806732,8.731268,0.637268,8.273268,-0.520732,10.611268,4.431268,-6.570732,2.300268,-6.251732,0.803268,0.700268,-5.516732,2.251268,-2.422732,1.894268,-2.570732,-2.661732,0
4.975268,3.434268,-5.535732,-1.583732,-1.278732,2.129268,-4.258732,1.450268,0.768268,2.716268,-5.556732,-1.152732,-2.039732,2.564268,7.464268,-1.773732,-2.855732,2.634268,8.530268,-2.743732,-3.578732,-7.416732,-2.242732,6.298268,-0.768732,1.646268,-6.170732,-0.060732,-3.634732,4.743268,9.461268,2.121268,0
6.211268,-0.531732,-4.789732,3.861268,13.172268,0.537268,-2.898732,-1.252732,5.952268,-0.661732,-2.287732,0.806268,-0.347732,-1.780732,6.775268,8.256268,8.055268,0.922268,-2.344732,13.101268,2.333268,-4.890732,3.332268,4.816268,4.323268,2.989268,-1.863732,3.322268,-3.771732,5.646268,-5.486732,1.435268,0
5.124268,8.561268,-4.343732,16.772268,2.771268,-4.473732,-4.552732,3.778268,-4.083732,-5.902732,2.763268,1.883268,2.639268,-4.851732,3.244268,7.470268,-1.991732,4.345268,4.898268,-0.368732,-1.339732,-0.737732,-4.086732,-1.242732,1.767268,-2.610732,1.303268,6.781268,5.641268,2.425268,-4.738732,-1.731732,0
3.334268,-3.369732,3.387268,0.250268,-0.314732,-2.095732,-7.636732,1.686268,-4.970732,-2.736732,-0.530732,5.841268,2.446268,0.247268,2.611268,2.001268,-2.726732,-4.319732,4.613268,-1.191732,5.753268,-2.342732,3.604268,5.653268,-5.047732,6.207268,3.404268,10.611268,1.794268,-2.208732,1.346268,-1.337732,0
2.201268,-6.816732,-2.683732,6.551268,2.152268,-4.363732,0.277268,1.223268,0.963268,-4.862732,-4.255732,-5.283732,3.353268,-0.268732,3.656268,-1.077732,-10.763732,0.012268,1.541268,0.143268,10.729268,5.974268,3.266268,-2.831732,3.185268,-16.486732,-0.882732,-1.334732,0.473268,4.312268,3.039268,1.448268,0
-10.895732,2.358268,-19.344732,-5.108732,2.843268,1.010268,-4.478732,5.951268,2.360268,6.563268,5.201268,1.849268,-1.032732,-10.477732,-1.792732,-1.991732,-1.204732,4.705268,5.444268,1.684268,6.846268,5.865268,2.252268,-0.441732,2.251268,-3.570732,-4.339732,-1.148732,9.363268,2.455268,-2.689732,-1.372732,0
0.803268,0.679268,5.740268,-2.556732,7.729268,8.461268,2.458268,0.302268,0.581268,1.405268,-2.723732,3.735268,1.398268,3.630268,-1.368732,6.260268,5.209268,2.633268,-1.494732,2.744268,-0.667732,-7.692732,0.515268,-0.850732,0.383268,11.047268,-6.103732,1.554268,15.994268,8.757268,2.126268,-1.087732,0
-3.012732,1.731268,6.929268,-0.697732,1.113268,0.071268,6.095268,-2.341732,1.430268,2.094268,-5.614732,3.147268,2.924268,0.080268,-7.381732,1.653268,-5.675732,-9.438732,9.453268,0.070268,5.513268,14.227268,-14.532732,3.134268,2.295268,2.367268,1.095268,-5.600732,-4.447732,-1.656732,5.634268,-0.491732,0
3.907268,-6.210732,7.886268,0.705268,0.512268,4.243268,3.084268,-20.986732,6.712268,6.797268,0.525268,-0.776732,4.980268,3.013268,2.192268,-3.226732,-0.393732,-2.135732,5.027268,2.784268,-7.829732,7.077268,-5.796732,-1.338732,5.145268,1.108268,4.476268,-4.059732,-3.410732,6.259268,6.284268,3.038268,0
0.801268,-2.303732,1.238268,2.425268,8.712268,11.316268,9.474268,-3.136732,3.102268,0.217268,7.203268,-0.961732,2.178268,-2.944732,-1.470732,0.292268,-2.145732,4.240268,-3.623732,-1.756732,8.541268,0.488268,5.176268,-0.872732,2.700268,5.821268,-6.416732,1.049268,6.045268,-0.247732,-5.233732,5.273268,0
1.890268,7.519268,0.650268,3.441268,4.555268,3.730268,-0.464732,-2.532732,-0.865732,3.229268,2.567268,-1.032732,3.638268,3.368268,-2.458732,-2.731732,2.453268,-1.159732,-2.567732,8.168268,1.187268,3.836268,-0.032732,4.095268,-0.000732,2.872268,6.584268,5.210268,-1.139732,3.209268,-14.256732,1.129268,0
0.221268,-0.289732,2.894268,-4.097732,-1.142732,0.748268,-0.483732,1.252268,-7.011732,-12.079732,-3.487732,3.213268,14.427268,4.039268,3.605268,1.476268,11.639268,0.267268,2.898268,22.476268,1.470268,-7.755732,8.141268,-0.624732,3.048268,-6.868732,3.957268,0.844268,-2.196732,-10.265732,1.113268,0.491268,0
4.290268,-1.128732,3.934268,-6.349732,3.706268,1.762268,1.406268,-6.146732,-5.138732,-7.645732,-1.954732,1.706268,-4.390732,5.713268,5.172268,12.057268,-1.323732,6.694268,2.974268,0.352268,6.411268,-4.792732,-5.327732,1.257268,-3.937732,7.046268,-20.579732,0.466268,5.401268,8.069268,4.998268,-4.674732,0
-6.790732,2.051268,-0.943732,0.752268,-2.610732,5.206268,4.953268,-2.307732,3.651268,3.488268,6.111268,-1.054732,0.737268,-6.459732,-1.475732,10.866268,5.706268,2.258268,1.208268,1.501268,2.337268,7.064268,6.745268,0.879268,21.331268,-5.669732,1.599268,1.753268,-1.603732,2.024268,-2.299732,-5.052732,0
-1.787732,3.757268,4.284268,3.544268,2.467268,3.411268,-1.017732,6.591268,-4.224732,4.395268,-4.338732,-6.211732,-4.107732,4.199268,5.774268,3.871268,4.559268,2.921268,-0.225732,-2.522732,-0.766732,1.482268,4.110268,-3.245732,-3.001732,8.097268,3.418268,2.264268,5.322268,1.484268,7.146268,4.687268,0
-5.298732,-1.387732,-1.549732,2.139268,3.015268,2.576268,2.485268,5.534268,2.554268,3.885268,7.045268,-1.337732,0.589268,-1.672732,-4.904732,-2.894732,1.731268,-5.592732,-2.820732,6.321268,-0.114732,3.970268,2.188268,-1.171732,4.563268,-3.444732,-1.323732,15.854268,1.629268,2.231268,-7.346732,4.116268,0
1.198268,-4.527732,-0.514732,8.663268,0.856268,3.896268,-2.887732,-2.647732,-4.940732,4.152268,0.012268,9.550268,1.746268,4.624268,2.796268,1.602268,-2.732732,2.362268,4.603268,7.436268,-1.873732,-4.186732,6.322268,5.804268,-6.446732,0.922268,-1.926732,5.888268,3.882268,4.626268,5.768268,1.776268,0
-1.400732,4.979268,16.178268,9.414268,3.310268,-7.740732,-1.642732,-1.042732,-5.685732,-1.125732,-1.016732,1.529268,-3.688732,5.407268,9.395268,4.299268,-6.583732,4.233268,-5.630732,-0.427732,-7.601732,-1.962732,7.314268,-1.012732,8.263268,-0.834732,-3.525732,1.844268,0.449268,11.334268,0.066268,5.841268,0
1.635268,11.591268,-3.015732,-5.940732,2.777268,-15.828732,2.503268,5.386268,-4.734732,8.947268,-0.626732,7.034268,-0.639732,-3.580732,9.308268,-4.096732,4.649268,0.129268,0.380268,2.359268,2.497268,1.550268,10.319268,3.223268,2.165268,3.919268,5.330268,6.269268,6.291268,0.877268,2.054268,-6.010732,0
-0.753732,-2.653732,-2.719732,-5.103732,0.241268,-3.895732,8.222268,6.154268,0.635268,6.278268,1.433268,2.073268,2.370268,2.778268,0.704268,-3.937732,5.687268,1.409268,8.893268,0.804268,6.500268,0.615268,0.861268,-2.950732,3.391268,-7.250732,2.896268,-6.129732,3.381268,3.535268,9.315268,8.746268,0
-1.943732,0.523268,-10.331732,-1.965732,-3.646732,-9.717732,1.163268,-4.715732,5.598268,1.490268,1.046268,-1.913732,2.211268,2.924268,5.647268,13.592268,0.433268,-3.542732,-0.253732,5.409268,2.787268,18.799268,-7.534732,1.316268,2.642268,5.256268,1.576268,-1.580732,-1.287732,-6.229732,8.012268,-1.618732,0
0.391268,1.716268,3.484268,6.464268,0.933268,-2.323732,-1.073732,7.353268,8.520268,6.477268,-1.299732,-4.071732,6.124268,-2.634732,-3.788732,3.569268,3.652268,3.395268,6.910268,8.676268,2.290268,-0.457732,-0.379732,-1.105732,1.640268,-14.602732,-2.381732,-4.329732,-0.182732,-9.057732,1.569268,7.889268,0
1.749268,-2.835732,0.930268,5.129268,8.946268,-2.102732,10.335268,-4.056732,-5.017732,-5.869732,-3.198732,2.606268,1.362268,1.239268,19.156268,7.792268,-5.894732,-0.928732,-9.271732,-1.516732,1.469268,4.480268,5.023268,5.474268,1.784268,11.710268,2.484268,6.398268,3.911268,5.029268,0.511268,-2.250732,0
-1.528732,-3.878732,-1.645732,1.085268,2.221268,-2.965732,1.081268,1.848268,-8.640732,1.058268,-2.554732,0.275268,3.652268,-0.266732,-3.281732,1.219268,-1.627732,3.965268,2.584268,-1.693732,-2.795732,-4.673732,2.314268,7.748268,0.361268,2.429268,4.704268,1.411268,-1.656732,4.734268,3.883268,10.416268,0
4.846268,-0.858732,-5.739732,2.410268,3.093268,5.728268,-1.726732,-5.162732,-1.780732,0.870268,0.582268,6.195268,4.176268,3.047268,5.175268,2.745268,-6.500732,-1.506732,-3.740732,2.533268,0.433268,-0.113732,-0.755732,7.573268,1.806268,-0.145732,2.721268,-0.513732,-0.054732,-3.699732,5.707268,-3.827732,0
-0.518732,-3.502732,8.919268,2.968268,8.852268,-3.373732,0.814268,1.246268,-0.785732,-0.265732,1.865268,-7.114732,6.706268,2.860268,3.289268,0.182268,-1.396732,-3.146732,1.682268,4.591268,-2.158732,4.904268,4.502268,3.001268,4.172268,1.746268,-3.340732,1.409268,-0.551732,4.925268,-0.075732,-0.953732,0
3.160268,-9.086732,9.632268,5.338268,1.801268,4.579268,15.188268,-0.239732,3.871268,12.466268,-2.605732,-7.843732,2.239268,-0.048732,-1.300732,-2.411732,9.216268,7.476268,1.562268,-0.762732,7.913268,-1.233732,-1.537732,-0.659732,5.226268,8.578268,5.938268,-4.111732,8.148268,0.503268,6.460268,-10.722732,0
4.821268,-1.644732,1.598268,1.963268,-4.586732,20.749268,0.023268,-13.051732,-7.221732,-5.105732,1.168268,0.271268,-0.316732,6.719268,3.072268,8.184268,-1.119732,6.944268,-14.221732,-4.041732,4.701268,-1.120732,-4.600732,4.896268,2.542268,-6.167732,3.934268,2.808268,-3.175732,-5.546732,-0.120732,2.618268,0
0.242268,-3.580732,0.641268,1.182268,-0.295732,-0.911732,-7.524732,5.067268,1.530268,-0.999732,-3.783732,4.248268,-4.958732,1.461268,6.027268,-3.013732,-7.529732,-2.075732,4.433268,1.267268,11.109268,-1.469732,-5.110732,-5.077732,1.957268,0.083268,5.055268,3.056268,2.802268,2.830268,-0.504732,-0.780732,0
-1.423732,0.883268,-1.128732,3.009268,-0.465732,-2.825732,0.810268,-4.455732,-4.640732,0.291268,4.781268,-5.622732,7.861268,-0.225732,4.834268,-2.022732,8.963268,-4.125732,0.419268,-5.853732,-6.194732,-1.343732,4.744268,-2.071732,2.800268,-1.372732,0.621268,5.814268,7.266268,7.072268,-2.531732,3.671268,0
3.795268,1.662268,-2.276732,0.123268,5.771268,-5.685732,3.231268,-3.044732,2.223268,6.996268,-1.110732,6.817268,-1.346732,5.875268,2.016268,-2.782732,10.120268,-7.815732,3.255268,0.603268,-2.845732,-0.084732,1.665268,-1.368732,1.843268,-2.693732,-0.556732,-1.097732,2.485268,-0.078732,-1.717732,3.670268,0
-1.646732,-17.639732,0.492268,-0.266732,-1.638732,18.140268,0.796268,2.496268,-0.224732,0.654268,4.304268,2.764268,-3.628732,-0.001732,4.006268,-9.794732,0.037268,1.301268,2.431268,1.765268,1.368268,2.334268,5.450268,7.483268,3.110268,-2.666732,6.247268,2.865268,-4.426732,-0.416732,4.465268,0.883268,0
1.281268,2.894268,-2.436732,-0.824732,4.448268,3.129268,4.551268,5.683268,-6.500732,-5.091732,-3.873732,-0.405732,1.154268,0.677268,2.925268,-4.383732,1.204268,-5.195732,3.671268,10.590268,5.377268,-4.157732,-5.691732,0.077268,-0.760732,6.161268,2.607268,-2.037732,1.315268,0.376268,-5.052732,-1.006732,0
0.434268,7.320268,1.681268,1.855268,-1.521732,5.103268,4.694268,2.688268,13.188268,-12.545732,2.340268,4.966268,-4.347732,1.439268,-0.457732,0.920268,1.143268,0.326268,-1.731732,-1.303732,-1.091732,3.329268,0.728268,-0.907732,-5.888732,-8.590732,3.316268,1.253268,5.338268,-4.215732,6.701268,-4.361732,0
4.648268,-3.644732,-5.944732,3.693268,-2.505732,-3.904732,1.225268,13.197268,-6.969732,2.649268,0.674268,9.885268,-1.357732,-3.445732,-8.512732,-2.349732,4.432268,2.795268,7.137268,-4.635732,-2.999732,-2.723732,1.758268,2.097268,-0.368732,4.993268,7.305268,2.866268,1.718268,-9.562732,6.705268,2.346268,0
2.819268,-0.291732,2.528268,0.155268,3.240268,-2.605732,-0.641732,-1.395732,1.956268,2.469268,-0.402732,1.964268,-3.472732,1.963268,3.626268,7.329268,1.925268,3.032268,-0.259732,4.533268,8.526268,-0.660732,4.714268,-4.019732,2.534268,0.533268,-0.793732,-0.477732,-4.366732,0.141268,0.531268,-8.969732,0
3.287268,-5.743732,4.192268,4.888268,1.524268,-3.850732,3.633268,-2.692732,-9.237732,-5.624732,-9.715732,3.648268,2.855268,-4.116732,-4.075732,-3.804732,1.649268,8.895268,3.248268,5.105268,-3.786732,-8.613732,4.071268,2.873268,7.752268,-0.327732,-2.889732,-3.312732,9.645268,5.650268,-0.087732,-1.520732,0
8.150268,2.253268,-3.379732,2.839268,0.567268,-1.908732,-2.127732,-1.771732,-2.291732,-1.263732,-0.764732,2.789268,-8.714732,-1.749732,1.854268,-2.356732,4.744268,-2.955732,3.928268,-6.208732,-0.407732,-1.044732,-3.306732,2.541268,-2.850732,0.693268,-6.301732,-9.166732,4.911268,6.168268,-5.039732,4.408268,0
2.418268,0.585268,-0.253732,6.284268,1.665268,-0.364732,-0.945732,0.250268,-1.260732,6.814268,1.025268,-7.175732,-4.731732,-3.273732,5.699268,7.071268,0.927268,1.133268,1.267268,-0.604732,-2.122732,-3.704732,5.180268,4.256268,0.987268,4.547268,-0.993732,5.183268,-0.120732,-1.903732,-2.625732,4.185268,0
-0.830732,3.826268,-2.991732,0.875268,-8.329732,-0.471732,4.531268,1.771268,-2.446732,1.810268,-1.159732,-0.680732,0.217268,-2.044732,-0.950732,-0.773732,3.590268,12.938268,10.414268,-5.053732,1.786268,7.886268,10.017268,5.593268,10.286268,-3.982732,3.929268,-1.306732,-2.615732,-0.416732,-0.017732,7.557268,0
-1.188732,6.618268,3.598268,1.141268,-9.329732,5.598268,18.947268,3.680268,6.991268,-18.394732,-0.599732,-0.661732,-5.445732,1.673268,4.933268,-1.660732,11.107268,1.087268,-2.021732,-1.200732,-2.985732,3.643268,2.247268,-1.828732,5.079268,0.790268,20.154268,4.845268,2.087268,7.467268,5.271268,2.762268,0
4.769268,2.442268,0.964268,6.012268,5.756268,5.311268,1.844268,-3.657732,-8.665732,-14.668732,6.955268,4.287268,1.672268,4.613268,2.849268,5.694268,2.892268,6.753268,-1.093732,0.039268,-2.623732,-4.577732,1.278268,2.069268,6.476268,6.832268,-0.892732,0.158268,4.068268,7.579268,1.260268,-2.254732,0
-4.965732,-14.165732,1.927268,2.476268,6.923268,3.152268,0.288268,4.609268,4.284268,-7.953732,-1.502732,3.183268,-2.110732,13.665268,0.639268,-1.501732,-1.718732,3.082268,-9.879732,1.237268,5.930268,-1.604732,0.505268,5.610268,-0.503732,-2.041732,-9.025732,6.399268,3.419268,1.797268,0.573268,-1.740732,0
8.438268,-3.008732,-6.080732,7.848268,19.788268,2.615268,-1.388732,-7.367732,5.360268,7.209268,1.684268,-7.644732,-2.155732,0.082268,4.530268,-2.825732,2.174268,-5.844732,4.122268,8.439268,-5.688732,1.367268,2.220268,0.915268,6.779268,-4.398732,4.267268,-2.161732,1.930268,-1.249732,16.723268,7.677268,0
1.633268,-0.570732,-1.810732,0.848268,1.096268,5.199268,-2.661732,2.272268,3.125268,-2.445732,-5.752732,5.035268,-0.804732,4.604268,6.918268,3.964268,1.345268,5.510268,-0.685732,2.691268,-5.749732,1.230268,0.793268,-1.392732,0.945268,-5.587732,-0.850732,0.965268,0.073268,4.570268,7.122268,3.093268,0
-4.400732,8.831268,1.271268,-3.606732,1.565268,5.630268,5.331268,-3.182732,5.866268,1.498268,2.468268,1.807268,-7.248732,6.539268,0.528268,0.233268,5.905268,-0.692732,3.371268,1.769268,-4.711732,4.284268,-3.113732,4.853268,2.377268,-3.360732,4.868268,-10.315732,-3.430732,7.463268,4.794268,4.039268,0
3.671268,-2.362732,3.515268,-3.017732,-4.867732,-2.006732,2.003268,2.135268,1.680268,0.544268,8.160268,3.148268,2.238268,-19.764732,2.035268,1.132268,9.078268,-2.140732,13.736268,-1.111732,-4.543732,4.700268,-8.982732,-2.594732,8.689268,7.710268,6.322268,-6.483732,6.921268,-0.221732,6.257268,-2.406732,0
-6.149732,0.292268,5.350268,2.327268,4.984268,3.866268,-2.696732,4.634268,0.438268,2.054268,-5.309732,10.280268,-0.872732,2.380268,1.313268,1.112268,-2.674732,-2.386732,-4.990732,2.214268,-1.950732,2.286268,-2.866732,-1.766732,0.314268,0.219268,8.038268,-0.618732,3.446268,2.983268,-4.726732,-1.388732,0
-1.131732,4.186268,-0.177732,-0.319732,3.395268,-3.840732,2.981268,5.863268,1.831268,-1.109732,3.794268,-9.008732,6.519268,3.545268,-2.549732,-1.857732,-4.398732,6.259268,-1.488732,0.297268,6.108268,3.588268,-3.415732,2.137268,9.790268,1.742268,1.046268,-4.174732,4.053268,-2.982732,2.168268,2.630268,0
-5.136732,4.236268,-2.003732,1.028268,4.771268,2.901268,-0.010732,4.028268,-4.095732,5.761268,0.489268,3.257268,-5.240732,2.539268,-0.609732,4.356268,3.264268,2.269268,4.536268,13.894268,5.284268,-8.053732,-1.289732,-2.882732,4.419268,-3.963732,5.733268,-3.237732,-4.267732,0.445268,3.444268,-0.136732,0
8.456268,1.133268,-1.198732,3.026268,0.208268,-0.803732,0.404268,-2.205732,9.186268,4.222268,-5.903732,-6.641732,-3.522732,6.441268,-5.080732,-2.015732,2.857268,3.404268,5.016268,1.340268,-4.023732,1.987268,-0.104732,6.428268,-3.337732,3.814268,9.810268,0.416268,-2.007732,-1.286732,7.950268,3.823268,0
-0.236732,6.701268,-3.072732,-4.590732,1.990268,2.671268,0.505268,4.861268,9.445268,1.299268,7.589268,-5.881732,-5.695732,5.950268,0.738268,1.737268,3.200268,-1.729732,0.180268,1.821268,3.928268,-0.372732,-1.530732,-0.298732,-9.678732,8.788268,2.311268,4.691268,-3.253732,5.763268,3.797268,0.150268,0
6.477268,1.480268,-0.341732,8.383268,2.336268,17.872268,1.402268,-6.024732,-2.929732,1.150268,-1.678732,8.040268,1.085268,5.617268,-7.618732,5.418268,3.873268,9.121268,-3.481732,-2.738732,1.279268,7.435268,-1.833732,-2.591732,0.536268,3.363268,8.052268,2.363268,2.856268,5.710268,3.159268,-6.273732,0
1.768268,3.401268,4.967268,-0.581732,-3.503732,6.163268,1.562268,5.318268,5.668268,1.709268,3.123268,2.876268,4.837268,4.442268,-8.027732,4.397268,0.225268,8.757268,-2.434732,2.069268,3.614268,0.413268,-5.601732,-2.185732,-5.456732,6.344268,3.026268,-1.585732,-2.469732,10.852268,0.256268,3.501268,0
2.687268,0.732268,6.734268,4.665268,-6.773732,7.078268,-0.161732,2.874268,2.360268,5.127268,2.459268,10.757268,-8.061732,1.614268,6.052268,-3.177732,-14.301732,1.760268,-2.751732,2.101268,2.655268,-3.444732,-1.566732,11.439268,6.135268,2.467268,-1.222732,8.315268,-5.845732,7.709268,-1.545732,2.082268,0
0.861268,0.665268,-3.371732,5.787268,4.667268,7.281268,-3.098732,-1.079732,0.376268,-1.265732,-0.212732,4.457268,0.602268,-4.870732,1.858268,-2.984732,-0.580732,2.691268,6.978268,0.666268,0.233268,-3.416732,3.987268,-3.911732,3.432268,-4.083732,-4.508732,4.795268,5.427268,1.727268,6.294268,6.077268,0
-2.546732,-3.618732,-2.157732,0.017268,4.519268,1.844268,0.820268,-1.916732,-2.100732,8.218268,1.923268,-0.084732,-0.812732,-6.122732,-1.849732,3.841268,3.417268,8.501268,0.777268,5.673268,9.034268,1.311268,-6.772732,-4.106732,12.592268,4.358268,-1.415732,1.534268,6.996268,8.208268,1.384268,10.083268,0
4.795268,-20.213732,-4.521732,8.983268,-6.148732,0.768268,2.354268,-0.560732,4.683268,6.535268,-1.542732,3.475268,5.298268,1.069268,6.147268,7.806268,-0.577732,-2.703732,8.185268,-4.909732,-15.132732,-2.239732,5.592268,-0.826732,3.706268,11.077268,-1.306732,-1.700732,-1.133732,-4.319732,4.238268,3.044268,0
1.248268,2.977268,-0.551732,6.749268,-1.571732,-4.838732,-2.277732,-1.623732,5.621268,0.135268,-2.204732,0.889268,4.595268,3.352268,0.664268,-6.265732,-0.414732,-1.980732,-1.239732,-1.604732,-2.240732,5.751268,1.679268,-3.435732,-0.608732,-0.844732,1.050268,-6.013732,1.731268,-0.333732,-0.826732,0.360268,0
1.588268,0.571268,-0.150732,3.030268,0.559268,-0.260732,-6.453732,-6.446732,8.304268,-4.616732,-1.754732,-5.131732,-6.565732,-3.671732,-0.918732,-2.409732,-4.506732,15.621268,0.852268,1.751268,-1.094732,4.398268,-7.511732,-1.681732,-2.483732,2.166268,6.581268,-3.069732,-6.109732,0.672268,11.933268,0.347268,0
-2.829732,-1.299732,-2.462732,-2.925732,7.930268,6.092268,11.769268,0.142268,0.979268,4.522268,2.097268,-4.307732,-12.625732,-5.666732,1.442268,3.690268,4.862268,-0.149732,-6.237732,11.178268,0.821268,-3.987732,1.838268,4.893268,3.028268,-6.071732,-2.956732,8.518268,-0.224732,8.965268,3.896268,-3.622732,0
2.139268,-4.797732,0.682268,5.180268,3.590268,3.174268,-3.443732,4.367268,-3.561732,2.822268,-15.606732,7.359268,2.663268,-1.237732,3.715268,-0.457732,-8.738732,-2.524732,5.202268,-0.132732,-3.565732,-1.099732,-2.663732,1.461268,6.773268,-0.960732,-2.824732,-8.497732,3.545268,2.560268,0.034268,5.394268,0
3.788268,7.329268,-11.210732,0.207268,-3.002732,-0.691732,4.197268,0.803268,1.291268,0.487268,5.650268,5.348268,8.403268,7.505268,-5.761732,-2.803732,4.902268,6.885268,0.689268,-6.464732,-4.166732,9.479268,5.983268,-5.387732,7.240268,7.307268,-15.645732,-7.981732,-2.515732,6.059268,0.158268,-3.047732,0
2.461268,-0.717732,-5.481732,5.263268,4.705268,1.703268,-9.358732,4.817268,0.243268,3.628268,4.692268,0.731268,-3.255732,4.418268,5.746268,7.974268,3.172268,15.292268,-0.114732,2.485268,7.785268,-6.316732,5.619268,9.131268,2.943268,2.257268,-2.607732,-0.000732,3.932268,0.425268,1.513268,-4.142732,0
3.940268,-0.395732,0.477268,0.312268,-2.471732,7.501268,4.949268,1.047268,0.450268,1.168268,-5.392732,-6.864732,3.635268,-13.363732,-0.211732,-0.341732,2.716268,-1.799732,0.180268,-1.517732,-4.449732,8.173268,2.096268,0.454268,1.569268,0.153268,20.810268,-0.015732,-8.704732,-1.047732,8.339268,-4.329732,0
5.514268,4.613268,1.896268,1.537268,0.456268,5.673268,2.281268,4.490268,-3.292732,-7.297732,1.992268,0.847268,3.771268,2.305268,6.316268,-7.500732,-5.797732,2.700268,-1.171732,3.641268,2.746268,-1.125732,4.201268,-3.578732,-2.914732,-6.874732,-3.826732,10.570268,0.671268,1.420268,1.540268,5.355268,0
8.515268,5.959268,-7.329732,-3.968732,2.186268,-5.001732,3.144268,-1.341732,-5.375732,4.788268,7.633268,-7.388732,-3.860732,-0.070732,4.893268,7.675268,7.159268,1.526268,-3.864732,4.241268,-6.318732,-3.896732,1.533268,1.923268,2.983268,0.050268,1.333268,-8.016732,4.948268,-2.182732,8.811268,7.783268,0
6.272268,1.207268,4.032268,-0.521732,-4.348732,2.494268,0.011268,1.431268,3.844268,4.145268,-8.857732,-0.749732,-7.530732,0.854268,10.398268,4.732268,-6.494732,6.992268,5.317268,1.180268,-8.322732,-1.354732,6.510268,4.529268,-3.106732,7.832268,5.129268,10.654268,2.537268,-1.301732,-3.395732,-7.750732,0
8.643268,5.929268,-1.037732,-4.683732,20.944268,1.139268,0.808268,-2.986732,4.125268,5.997268,-6.974732,-4.215732,-1.626732,-3.580732,1.612268,5.177268,9.432268,0.122268,3.626268,1.397268,-3.894732,-6.184732,-3.978732,-5.205732,-6.234732,8.717268,0.405268,5.645268,7.273268,8.163268,-4.582732,3.706268,0
-1.562732,3.307268,3.883268,-6.637732,6.626268,7.472268,-5.953732,-1.298732,6.139268,6.514268,5.531268,0.072268,0.788268,-1.533732,1.112268,4.373268,6.774268,5.093268,1.930268,-1.263732,4.928268,-18.244732,4.180268,0.256268,0.080268,2.642268,-2.255732,2.747268,7.932268,-0.943732,0.109268,-1.755732,0
4.021268,-2.648732,-1.652732,0.332268,-6.484732,-4.603732,3.276268,-0.540732,8.523268,1.515268,-1.132732,5.394268,-0.368732,-1.511732,-3.130732,-0.338732,1.977268,5.683268,6.313268,14.877268,0.483268,1.328268,-5.362732,-0.786732,-6.071732,-6.409732,-2.769732,3.971268,5.761268,6.771268,4.487268,3.978268,0
2.452268,7.026268,0.485268,4.469268,0.789268,-0.910732,-3.578732,8.903268,-0.508732,1.568268,0.697268,-4.103732,4.051268,0.594268,3.591268,-0.368732,1.700268,5.263268,2.605268,1.909268,1.528268,-3.962732,0.809268,10.857268,-1.692732,-2.033732,7.249268,0.510268,-6.016732,-1.334732,-3.388732,-2.540732,0
3.165268,-1.789732,1.555268,1.989268,1.859268,4.602268,-2.891732,1.795268,6.770268,1.653268,-3.510732,1.190268,-5.101732,2.972268,5.152268,-0.770732,-3.941732,4.012268,-0.836732,4.359268,8.651268,-3.023732,7.323268,5.265268,4.891268,3.148268,0.175268,-3.870732,2.802268,-0.814732,0.976268,4.259268,0
-3.256732,-4.937732,4.687268,1.059268,2.272268,5.161268,-6.226732,-4.492732,4.724268,0.966268,2.507268,1.596268,-3.308732,0.595268,2.245268,1.376268,-3.534732,-8.089732,11.130268,-0.316732,5.042268,-1.170732,-2.174732,-2.411732,-0.402732,-2.255732,1.878268,-1.489732,-4.459732,3.739268,-7.100732,-0.742732,0
4.178268,0.319268,-5.999732,-11.487732,6.459268,-8.701732,2.446268,-3.327732,-1.432732,11.570268,-4.926732,-2.745732,-2.032732,1.544268,1.324268,-1.351732,-1.686732,-0.492732,-1.237732,2.745268,-7.760732,8.141268,4.306268,10.329268,2.162268,-0.486732,4.525268,-4.335732,-0.111732,-5.482732,2.783268,-3.538732,0
-16.914732,-1.019732,4.373268,5.699268,-3.109732,3.501268,-8.817732,-1.908732,8.134268,6.780268,-0.023732,-0.295732,-3.286732,-1.727732,-3.608732,4.145268,-3.569732,0.425268,0.407268,-0.113732,-2.287732,6.620268,6.648268,-20.977732,2.707268,-1.386732,4.542268,2.217268,3.711268,0.844268,4.943268,1.208268,0
4.539268,2.726268,0.318268,-0.297732,-0.430732,2.702268,6.370268,3.563268,-0.613732,-1.189732,2.844268,8.035268,2.029268,2.779268,3.507268,-3.521732,-1.002732,6.428268,-1.054732,-2.441732,3.667268,2.592268,0.808268,2.849268,-2.665732,6.597268,7.063268,3.405268,6.081268,3.891268,5.994268,4.042268,0
-4.271732,-4.298732,4.936268,-0.533732,2.234268,2.455268,-3.038732,-2.953732,1.574268,0.796268,3.105268,3.304268,7.186268,0.353268,2.781268,3.149268,2.391268,2.440268,3.002268,0.229268,6.913268,-1.442732,-2.149732,-6.259732,2.880268,-1.345732,6.943268,-0.910732,2.155268,-0.956732,3.504268,-7.992732,0
5.629268,-3.010732,8.676268,-7.094732,1.111268,6.258268,-0.954732,6.351268,8.496268,2.888268,1.914268,6.055268,-0.620732,11.829268,5.180268,0.916268,7.006268,-1.541732,-0.206732,3.836268,-0.587732,5.574268,0.877268,5.532268,-5.864732,-6.450732,-7.795732,-1.055732,3.635268,-5.059732,-8.197732,-4.109732,0
6.385268,21.266268,4.886268,-1.037732,1.954268,-7.130732,-9.883732,3.357268,1.254268,1.992268,0.285268,4.772268,5.365268,3.309268,5.327268,1.118268,-2.200732,-4.009732,2.664268,2.921268,3.988268,-5.718732,2.112268,4.270268,-0.517732,-0.371732,-0.568732,-0.182732,4.472268,6.016268,-0.502732,0.121268,0
-0.814732,0.212268,-5.002732,-3.050732,5.294268,4.371268,2.837268,7.666268,-4.785732,3.120268,4.201268,-4.409732,1.741268,2.663268,6.903268,-2.285732,1.059268,-0.871732,-4.505732,-3.632732,2.898268,5.823268,-2.169732,1.138268,1.607268,-1.769732,-2.427732,5.906268,3.565268,-0.828732,2.429268,8.470268,0
2.498268,-0.208732,-1.801732,1.975268,4.793268,0.864268,-4.175732,0.327268,-0.048732,-3.097732,5.891268,-4.008732,8.329268,-4.918732,-3.445732,-0.699732,2.606268,0.636268,-2.376732,-3.261732,-5.204732,7.686268,0.270268,6.226268,5.745268,2.111268,-2.135732,0.856268,2.678268,-0.659732,3.159268,2.529268,0
0.719268,-2.189732,2.536268,1.587268,2.981268,-0.082732,-2.936732,1.860268,0.204268,-2.594732,-2.603732,1.323268,-0.975732,-1.056732,-1.897732,0.816268,-0.734732,3.191268,4.473268,3.683268,-2.115732,7.226268,-3.178732,-0.924732,3.924268,-4.670732,1.833268,-3.149732,-2.913732,3.478268,6.452268,-3.105732,0
1.703268,1.576268,8.520268,-0.523732,-0.964732,4.297268,4.365268,-1.327732,6.309268,6.784268,-3.197732,-2.311732,7.166268,1.868268,6.680268,-0.012732,11.024268,4.998268,0.055268,1.914268,-4.198732,-3.152732,0.634268,0.593268,3.282268,-2.285732,4.680268,-5.280732,-2.336732,5.740268,4.363268,-2.967732,0
0.262268,4.139268,2.046268,0.196268,1.600268,-1.431732,-0.644732,-10.788732,3.082268,-0.423732,-1.403732,-6.891732,-2.265732,-0.315732,2.388268,5.550268,3.714268,0.427268,-6.108732,-2.540732,-3.755732,0.666268,-1.726732,-5.697732,-1.960732,5.425268,4.814268,-1.974732,-2.161732,5.012268,-8.427732,-6.971732,0
2.977268,3.768268,5.227268,5.564268,-2.400732,1.926268,-3.103732,6.490268,2.516268,6.094268,6.042268,-6.390732,-1.969732,0.666268,-1.500732,1.650268,0.042268,-1.220732,1.789268,4.772268,-11.799732,-1.217732,5.615268,1.280268,3.635268,2.814268,-1.727732,3.726268,6.930268,-7.217732,-5.780732,4.370268,0
0.233268,4.818268,0.522268,-5.070732,2.777268,5.591268,-3.450732,-0.232732,-12.517732,4.888268,-4.374732,-2.923732,2.509268,-3.235732,0.498268,4.374268,0.937268,-1.855732,4.405268,1.430268,-0.701732,2.228268,6.650268,1.190268,4.427268,-1.005732,-4.294732,-0.535732,1.058268,0.240268,3.275268,8.545268,0
4.165268,3.583268,-1.391732,3.354268,-3.829732,0.093268,0.182268,-3.908732,9.565268,-0.118732,-0.624732,6.492268,11.979268,-1.366732,8.257268,3.821268,3.800268,3.706268,-3.774732,-3.499732,10.497268,3.817268,-4.538732,-0.722732,-3.328732,1.556268,-3.641732,-4.788732,5.453268,8.444268,-4.766732,1.766268,0
-0.574732,8.441268,5.860268,8.084268,-1.564732,2.154268,-3.378732,-1.067732,-1.795732,3.154268,-5.951732,0.616268,5.147268,-1.178732,3.140268,5.924268,2.568268,3.150268,1.706268,-0.200732,-8.939732,3.155268,2.646268,-3.975732,-3.583732,-0.572732,-1.129732,-0.455732,3.137268,-7.046732,2.015268,1.412268,0
3.623268,-1.654732,-0.503732,2.261268,-3.743732,-18.283732,-3.390732,-0.884732,-8.728732,12.097268,2.179268,-1.070732,4.121268,-3.734732,0.094268,-14.942732,-4.492732,-1.998732,2.553268,3.497268,-0.209732,8.347268,-0.524732,-0.055732,-2.912732,8.026268,2.532268,3.023268,0.388268,-1.571732,5.860268,-0.507732,0
-2.119732,4.418268,-0.596732,2.700268,-2.818732,2.733268,-0.270732,-2.061732,5.350268,-4.725732,-1.809732,2.244268,-0.617732,0.750268,3.524268,-8.956732,1.953268,0.634268,0.957268,-0.081732,-0.723732,4.281268,1.316268,1.089268,-1.098732,-3.075732,6.267268,-8.370732,10.154268,8.444268,0.010268,8.322268,0
-0.617732,-4.432732,-8.807732,10.292268,-0.031732,-3.972732,2.491268,-4.169732,3.491268,3.118268,2.584268,2.121268,2.752268,5.951268,-2.104732,-5.691732,1.828268,-8.835732,1.626268,13.863268,4.573268,3.669268,-11.732732,1.328268,2.547268,3.142268,1.967268,-0.600732,7.451268,3.349268,0.694268,6.770268,0
3.640268,5.624268,2.524268,-3.220732,0.535268,3.314268,-1.711732,0.558268,3.802268,8.009268,2.114268,-3.001732,-1.438732,0.275268,0.949268,-6.523732,1.873268,4.810268,2.894268,-4.131732,-0.434732,3.692268,1.600268,-0.111732,-2.675732,1.212268,0.394268,3.042268,-4.179732,-4.111732,-1.445732,-2.562732,0
2.773268,0.311268,1.639268,6.128268,-8.058732,8.905268,8.591268,-6.261732,-5.266732,-3.155732,-0.566732,-2.707732,-1.197732,5.923268,2.069268,1.967268,2.553268,-0.128732,-8.732732,-1.619732,4.027268,1.834268,2.607268,8.423268,5.498268,-6.477732,-2.781732,-2.024732,-4.527732,-3.238732,-7.470732,2.019268,0
3.172268,4.058268,7.500268,-1.415732,-3.050732,-1.140732,6.616268,1.286268,-2.664732,-2.125732,4.270268,9.559268,6.989268,-3.132732,-5.689732,7.065268,0.278268,-0.710732,6.588268,-2.035732,-7.196732,-0.063732,-7.510732,-0.901732,2.533268,0.274268,-0.667732,-7.803732,-8.768732,6.588268,-4.684732,7.310268,0
10.757268,8.753268,5.119268,0.634268,-4.454732,5.871268,4.307268,6.058268,-2.724732,2.169268,3.522268,-6.541732,-5.147732,-6.599732,-2.550732,8.900268,-1.214732,-1.726732,-3.293732,2.224268,-9.478732,-4.415732,0.183268,3.753268,-0.326732,-2.763732,-2.478732,2.368268,-2.959732,1.462268,2.397268,-2.492732,0
-2.031732,-6.191732,-3.621732,3.353268,0.025268,-1.228732,-2.445732,5.862268,2.458268,1.515268,3.228268,6.548268,0.291268,8.586268,-2.535732,8.295268,3.120268,1.036268,-0.655732,-1.338732,2.452268,-0.468732,-1.690732,2.557268,3.372268,-6.185732,-8.772732,-0.030732,2.475268,12.161268,-1.343732,16.269268,0
-1.858732,0.658268,2.466268,1.509268,-0.102732,-1.367732,8.146268,2.798268,1.390268,1.275268,-2.985732,1.024268,1.475268,-2.619732,4.239268,-1.108732,2.382268,-1.705732,10.036268,-2.940732,7.422268,4.074268,6.408268,-6.024732,6.465268,1.690268,-2.244732,4.458268,-3.423732,-2.419732,-2.359732,1.309268,0
-1.260732,-2.874732,3.660268,-1.126732,-1.937732,8.729268,2.250268,0.536268,-3.480732,2.442268,10.224268,4.208268,9.119268,-5.346732,17.447268,0.956268,-3.132732,1.792268,0.223268,-0.602732,5.713268,-1.463732,-0.849732,-2.621732,3.607268,9.049268,4.371268,9.725268,-1.726732,-3.595732,9.055268,-5.461732,0
0.099268,4.403268,-6.883732,-6.282732,5.945268,9.240268,5.037268,-5.662732,-1.202732,8.343268,3.722268,-0.189732,-2.596732,-2.576732,1.981268,-8.145732,1.449268,-1.109732,4.713268,-16.367732,1.859268,2.666268,7.132268,6.385268,-10.840732,-0.393732,-2.942732,-6.907732,5.433268,1.065268,-0.194732,-2.496732,0
-3.017732,7.513268,3.797268,-2.244732,-11.047732,4.407268,20.459268,5.772268,3.551268,2.843268,0.079268,4.945268,-3.544732,3.793268,-1.310732,0.840268,2.976268,4.924268,6.629268,0.925268,-0.804732,3.615268,0.032268,5.559268,3.750268,2.200268,8.376268,-3.087732,-5.492732,1.714268,1.909268,-2.310732,0
-8.547732,-1.865732,5.307268,-0.161732,-2.373732,-0.647732,1.840268,-0.645732,4.485268,7.159268,0.074268,6.415268,4.779268,-13.677732,-5.528732,-3.956732,2.009268,3.368268,5.369268,-5.651732,5.383268,3.240268,4.411268,19.201268,-7.989732,-0.147732,10.700268,0.358268,-2.877732,-2.604732,-9.002732,8.032268,0
-5.844732,7.928268,-0.033732,-2.115732,4.814268,8.150268,2.252268,-0.268732,10.814268,4.761268,-2.132732,-0.082732,-3.512732,-6.345732,-2.023732,6.705268,-0.486732,-1.424732,4.573268,-2.568732,2.712268,0.200268,1.205268,8.909268,-6.112732,-1.938732,6.912268,-5.696732,-1.974732,-0.371732,-0.084732,2.433268,0
7.181268,1.807268,4.146268,-2.667732,2.161268,-11.494732,3.107268,6.974268,9.109268,5.326268,-1.763732,5.212268,-0.521732,5.198268,-13.693732,-2.310732,-2.448732,-5.751732,8.353268,2.480268,-2.522732,-4.153732,5.483268,-0.129732,3.074268,8.718268,3.671268,0.291268,-0.181732,-2.306732,-3.540732,1.685268,0
-3.999732,-0.177732,5.710268,-2.192732,-4.577732,5.497268,4.508268,11.362268,5.617268,0.700268,-3.436732,2.836268,1.602268,-3.292732,0.023268,-0.509732,3.678268,8.205268,1.454268,-3.203732,0.231268,4.447268,3.379268,-5.503732,2.781268,-1.893732,3.761268,2.317268,2.206268,-5.197732,6.084268,-1.290732,0
3.456268,-8.730732,-3.645732,0.123268,3.281268,-3.023732,0.158268,-8.537732,2.872268,2.294268,-2.196732,0.846268,-2.229732,0.199268,-0.911732,0.102268,4.662268,-0.168732,-2.192732,0.316268,-1.883732,1.233268,-0.631732,6.496268,2.225268,2.692268,6.833268,-8.438732,-0.439732,6.775268,2.228268,0.223268,0
4.203268,1.305268,5.902268,6.621268,3.340268,-3.543732,9.342268,-0.141732,-1.381732,2.614268,-2.012732,15.263268,-1.070732,-1.728732,7.078268,0.634268,4.699268,0.821268,-2.407732,4.850268,3.355268,3.928268,2.619268,0.938268,-2.129732,8.435268,1.633268,-7.636732,2.193268,-3.641732,3.849268,-2.731732,0
1.416268,-1.186732,-6.355732,1.165268,-1.659732,6.721268,14.995268,-4.293732,4.669268,-2.878732,-1.487732,4.626268,-1.025732,-3.547732,-0.749732,-2.371732,-3.131732,-9.120732,2.253268,5.637268,-6.325732,1.406268,3.067268,-7.102732,0.943268,-0.908732,0.863268,-7.778732,4.382268,-0.163732,-2.773732,-1.871732,0
-1.738732,-9.489732,-3.895732,10.542268,4.786268,6.867268,0.567268,9.268268,3.755268,-7.425732,-5.810732,3.778268,8.767268,-4.720732,5.633268,2.800268,0.050268,0.656268,1.383268,5.243268,-4.783732,4.903268,-4.165732,-1.956732,-3.564732,9.051268,-5.098732,2.165268,1.899268,5.514268,-5.942732,-2.020732,0
0.585268,0.199268,3.155268,5.626268,-0.174732,-0.420732,-3.478732,3.654268,5.358268,7.984268,10.757268,0.550268,6.528268,-7.224732,-2.752732,-1.099732,0.128268,4.935268,6.865268,3.576268,-4.771732,0.420268,2.294268,1.828268,5.992268,-0.529732,-1.293732,-1.906732,0.497268,-0.192732,2.015268,2.942268,0
0.614268,0.413268,9.804268,-6.382732,-11.211732,-0.515732,-3.089732,-6.965732,0.484268,13.575268,3.665268,2.339268,1.218268,5.024268,-5.586732,0.491268,-2.432732,5.310268,9.788268,-0.606732,9.615268,-2.586732,0.559268,2.946268,0.308268,19.961268,7.340268,5.897268,-1.757732,-3.122732,0.379268,7.965268,0
6.018268,-1.503732,4.036268,3.251268,5.010268,5.466268,9.514268,-4.214732,2.363268,4.563268,8.725268,1.341268,2.933268,-6.748732,9.660268,1.150268,-1.610732,-0.208732,-6.650732,5.045268,-1.524732,-2.454732,0.542268,0.161268,-7.338732,-1.127732,-4.064732,-1.606732,-2.006732,-6.052732,6.136268,-3.425732,0
-3.681732,2.058268,5.765268,-3.715732,1.295268,-2.564732,2.354268,0.343268,6.921268,-1.730732,5.151268,-2.028732,2.022268,6.152268,-1.151732,3.402268,0.134268,3.970268,4.033268,2.118268,2.723268,5.431268,0.333268,4.058268,6.712268,-5.113732,7.793268,-8.170732,12.074268,-4.300732,-1.598732,6.788268,0
5.606268,1.237268,10.419268,1.908268,3.668268,7.462268,-3.540732,-7.141732,-1.214732,3.421268,-0.725732,1.921268,-0.071732,-8.637732,6.110268,-2.535732,4.012268,6.682268,-8.390732,5.726268,1.054268,7.089268,9.366268,-0.090732,-6.204732,-1.007732,1.629268,2.523268,-16.173732,-2.412732,-1.672732,0.875268,0
-0.103732,7.466268,3.558268,0.374268,-2.311732,5.521268,-14.089732,-2.171732,0.648268,1.479268,20.083268,9.658268,4.780268,3.156268,6.120268,-7.199732,4.857268,5.131268,1.008268,2.966268,12.433268,4.947268,-5.456732,3.453268,-0.131732,-4.267732,-4.194732,-3.199732,3.730268,-2.855732,4.294268,-6.327732,0
6.260268,1.199268,-8.888732,4.678268,5.115268,4.698268,-4.752732,7.672268,-16.706732,2.230268,9.815268,-5.978732,3.311268,-0.525732,-1.492732,-1.866732,-4.086732,-2.060732,-1.935732,0.030268,-5.049732,3.417268,-2.445732,-8.777732,-4.557732,1.724268,7.567268,2.447268,3.846268,-0.256732,2.025268,0.297268,0
1.187268,7.082268,-2.750732,-3.418732,1.264268,-0.371732,2.749268,0.217268,1.533268,4.503268,10.482268,0.899268,-0.629732,-1.976732,-4.044732,-2.275732,-7.580732,1.402268,-0.679732,5.622268,-3.705732,0.945268,-1.109732,8.137268,-12.063732,2.141268,-2.881732,1.159268,4.695268,-0.884732,3.664268,-4.797732,1
-3.467732,-4.297732,6.890268,-5.979732,-5.195732,2.978268,-4.232732,-4.624732,3.281268,0.829268,-7.201732,-0.520732,-4.090732,-6.064732,-2.411732,0.006268,-6.836732,-3.936732,7.396268,7.148268,6.386268,-5.328732,-1.266732,1.568268,0.390268,1.310268,-1.141732,0.387268,-3.169732,-0.506732,6.981268,-6.037732,1
-2.085732,0.642268,1.367268,4.418268,6.913268,0.394268,-2.419732,-5.322732,5.405268,-13.204732,4.346268,-1.176732,0.388268,-7.491732,-4.628732,-2.256732,1.716268,0.306268,1.527268,-4.312732,15.277268,-4.868732,2.799268,-1.143732,4.171268,-0.297732,-4.490732,0.397268,-0.005732,2.513268,14.853268,1.341268,1
-5.380732,4.685268,-4.726732,-18.960732,5.914268,1.690268,-4.258732,-6.379732,-4.653732,-7.135732,-6.200732,11.854268,5.985268,7.116268,0.619268,-1.310732,0.641268,0.213268,-2.735732,-2.669732,1.105268,1.452268,12.960268,-4.057732,0.553268,-1.977732,-3.201732,-1.222732,1.535268,-0.237732,4.588268,-8.457732,1
2.828268,-3.540732,-1.779732,1.137268,-1.310732,-7.235732,-4.531732,3.323268,2.907268,-9.718732,-5.532732,-3.506732,2.274268,-5.974732,-0.072732,3.366268,0.663268,-1.716732,-8.181732,-8.187732,2.695268,3.456268,4.691268,8.441268,-4.056732,-4.748732,-4.970732,6.704268,-6.631732,-0.412732,-1.791732,-1.708732,1
4.053268,0.704268,-5.344732,-5.975732,-2.310732,2.716268,4.859268,2.457268,-3.867732,2.114268,-3.396732,2.016268,0.414268,0.662268,-5.487732,19.027268,-1.561732,0.881268,-5.541732,-1.501732,-0.945732,-5.844732,3.730268,4.405268,-4.490732,-3.909732,0.203268,-10.982732,-4.316732,-4.008732,-6.022732,-3.127732,1
0.266268,-1.911732,-3.193732,-3.922732,-5.164732,-7.321732,-3.220732,-6.946732,0.310268,1.618268,-2.767732,-0.715732,-8.785732,3.039268,-6.324732,1.290268,2.579268,3.057268,-0.895732,1.311268,1.462268,-0.637732,-5.251732,-9.445732,-4.456732,-3.459732,-3.723732,6.488268,-4.368732,-1.491732,1.474268,-21.567732,1
-1.267732,0.526268,-2.077732,-0.665732,-5.167732,-6.196732,0.520268,-0.162732,-2.881732,6.205268,-1.984732,-2.870732,-1.015732,-5.888732,-0.358732,0.213268,-3.351732,-4.223732,-0.840732,-6.029732,-6.927732,-5.775732,-5.917732,5.648268,-0.258732,4.236268,-0.578732,2.455268,1.828268,-14.214732,-0.624732,-20.199732,1
1.587268,-1.700732,-2.205732,-2.465732,-0.512732,-5.192732,2.331268,-16.757732,3.232268,-3.423732,3.621268,-4.889732,-7.009732,-1.057732,-0.334732,0.926268,-3.955732,-9.883732,2.363268,1.454268,5.484268,3.855268,0.528268,-1.294732,-3.121732,2.581268,-0.049732,0.428268,-2.963732,2.996268,2.357268,-1.175732,1
0.216268,1.533268,-5.887732,4.544268,-7.278732,-5.169732,2.421268,-6.445732,-5.626732,-6.566732,-0.522732,-1.525732,-2.493732,0.843268,-1.236732,-1.503732,-2.270732,-22.260732,-2.203732,-4.099732,3.992268,3.242268,-3.047732,-2.880732,-8.784732,2.004268,-8.941732,-5.241732,11.042268,-5.639732,-4.281732,5.253268,1
-3.090732,-3.433732,3.826268,-9.319732,0.019268,1.092268,3.818268,6.170268,-5.387732,-5.582732,1.286268,-2.972732,-2.285732,-9.845732,-2.389732,5.174268,-1.437732,1.823268,-3.581732,2.604268,-3.486732,0.358268,4.034268,3.292268,1.057268,-0.114732,6.057268,0.583268,-1.138732,-0.914732,6.349268,-0.195732,1
-3.860732,3.045268,4.345268,2.004268,1.251268,-19.697732,-0.184732,2.538268,-4.281732,-5.619732,7.434268,0.545268,1.258268,-7.756732,-3.381732,-4.290732,2.453268,-0.786732,-20.011732,-5.469732,-5.781732,3.453268,-1.741732,-3.656732,1.633268,-1.867732,4.981268,-5.546732,5.324268,-3.941732,9.420268,-3.350732,1
-8.358732,-3.399732,1.289268,-3.459732,-0.148732,-4.215732,-0.129732,-1.702732,-1.538732,-0.491732,-2.179732,1.053268,-1.575732,-5.118732,5.415268,-1.185732,0.299268,-1.874732,2.789268,0.945268,2.722268,-0.441732,-5.839732,-1.800732,0.206268,-3.845732,-7.589732,-5.180732,-7.208732,-4.912732,3.273268,5.883268,1
-4.440732,-8.542732,-0.634732,-1.465732,3.774268,3.578268,-6.350732,-2.241732,-0.586732,-0.695732,-1.319732,4.577268,-7.478732,-0.967732,1.507268,4.162268,3.022268,4.396268,-0.530732,-11.753732,0.265268,-4.773732,-6.234732,6.908268,0.220268,-2.229732,-4.188732,8.654268,-3.498732,-1.164732,-2.530732,0.298268,1
-2.334732,-3.181732,4.784268,-0.492732,-9.700732,4.632268,-10.886732,10.662268,-1.307732,-3.595732,-2.486732,5.035268,-4.727732,-11.116732,-1.739732,-0.005732,-2.468732,-9.567732,3.556268,-3.627732,8.275268,-2.057732,2.768268,-2.831732,-0.743732,-2.640732,-5.643732,3.231268,-6.454732,3.010268,-2.648732,3.869268,1
-3.783732,-3.041732,4.148268,1.402268,-2.106732,-3.088732,-3.753732,-0.431732,1.477268,1.887268,-1.396732,-4.739732,-5.692732,-2.191732,4.919268,7.108268,-7.481732,7.143268,3.897268,-1.884732,-6.235732,5.434268,-4.921732,20.270268,9.174268,1.683268,-3.346732,1.475268,-0.745732,-8.398732,4.932268,-4.260732,1
4.146268,-2.150732,0.880268,-0.723732,-0.270732,0.793268,5.356268,4.277268,5.579268,2.682268,-6.900732,-1.925732,-1.127732,7.692268,-0.744732,-4.743732,-7.164732,-4.770732,8.320268,2.962268,-2.236732,-3.031732,2.837268,-4.324732,6.148268,-0.243732,-0.617732,-3.168732,-8.153732,-5.971732,-3.431732,-4.639732,1
-7.110732,-5.172732,-1.817732,-3.863732,9.555268,3.183268,-2.331732,-0.219732,0.131268,-1.055732,-1.512732,2.105268,0.131268,-2.434732,1.752268,2.151268,-14.249732,-2.925732,4.282268,13.301268,4.092268,17.931268,3.182268,-8.738732,-2.378732,0.100268,0.712268,5.624268,1.099268,-5.111732,1.986268,6.008268,1
5.667268,-3.726732,-1.715732,-2.120732,-2.595732,-10.637732,-2.004732,-5.019732,4.007268,-4.393732,1.599268,-1.823732,4.764268,3.300268,-2.198732,2.244268,1.731268,-3.450732,1.608268,1.561268,-1.365732,4.744268,4.531268,3.289268,0.813268,-3.742732,3.275268,-5.397732,-6.901732,2.350268,5.835268,1.172268,1
-2.682732,8.361268,-0.845732,2.722268,1.050268,-1.963732,2.203268,-4.562732,-5.131732,11.490268,-5.910732,8.202268,1.671268,-5.102732,0.515268,-8.971732,-2.440732,2.776268,0.957268,-4.033732,2.550268,0.494268,-2.844732,4.989268,15.022268,2.045268,1.355268,1.768268,0.319268,-5.013732,0.351268,-4.003732,1
1.607268,3.135268,4.958268,2.880268,6.288268,-2.193732,-3.176732,1.491268,4.321268,4.372268,-5.211732,-4.048732,1.029268,-5.407732,-5.791732,1.443268,4.161268,1.254268,6.067268,-2.860732,4.447268,-12.218732,2.640268,-3.474732,0.205268,-4.004732,5.437268,-1.375732,5.592268,-5.705732,1.796268,-1.130732,1
-3.328732,-4.593732,-2.586732,9.568268,-5.629732,-2.513732,-16.064732,2.280268,-1.562732,-8.869732,0.087268,-1.984732,1.472268,-1.430732,9.762268,1.617268,17.104268,-3.457732,4.634268,1.578268,-2.588732,-3.494732,3.778268,-4.135732,2.339268,6.832268,8.487268,1.967268,2.505268,-3.384732,-0.588732,3.933268,1
-2.017732,-0.780732,-0.355732,-5.735732,-3.239732,-0.262732,0.684268,7.302268,-1.524732,7.379268,-3.556732,-1.494732,0.489268,-0.783732,7.763268,-9.201732,0.569268,-2.234732,4.853268,1.118268,0.096268,-2.506732,-1.420732,4.422268,-2.202732,-8.233732,2.002268,-9.691732,4.574268,4.352268,-6.789732,4.178268,1
5.968268,1.234268,6.528268,8.498268,-3.891732,-2.303732,1.068268,0.117268,-2.194732,-2.547732,4.234268,-2.756732,1.337268,-3.436732,-6.003732,2.594268,3.875268,-1.769732,-1.735732,-4.081732,-7.388732,6.075268,4.474268,-1.328732,-6.165732,5.221268,-0.934732,1.753268,-0.726732,0.038268,-3.963732,-1.640732,1
0.364268,-2.489732,4.167268,-0.991732,-2.760732,-1.252732,-2.839732,-14.925732,-0.990732,0.611268,-4.264732,-11.111732,-10.059732,0.180268,-2.313732,-4.566732,0.646268,0.295268,0.981268,6.455268,-9.897732,0.121268,-0.053732,-5.276732,-2.651732,5.428268,7.334268,-3.748732,-1.372732,-0.973732,-3.021732,-8.789732,1
14.701268,-3.995732,-9.142732,-4.116732,6.278268,-2.151732,-2.779732,-5.845732,2.096268,-7.468732,-5.483732,4.220268,-2.570732,5.510268,-2.043732,0.488268,-10.425732,-5.324732,-0.141732,-3.712732,7.635268,3.809268,-1.460732,-8.129732,-5.737732,-6.488732,-0.746732,-0.046732,-3.421732,-3.869732,-5.724732,-2.403732,1
-6.452732,-0.277732,-2.956732,-5.470732,-2.373732,3.630268,0.700268,-3.733732,-2.527732,-5.919732,8.029268,2.162268,-3.137732,4.143268,-3.566732,-11.553732,-7.103732,2.125268,-4.656732,-0.663732,-1.901732,1.145268,3.000268,1.582268,0.957268,-0.884732,-2.949732,-7.344732,-0.695732,-9.998732,-3.920732,-5.865732,1
4.823268,-5.050732,5.973268,-2.330732,2.992268,-0.830732,-7.168732,-7.154732,-2.815732,5.070268,-1.145732,1.298268,-3.622732,-5.685732,0.755268,-8.912732,16.744268,4.170268,-2.330732,-1.534732,-3.440732,-0.722732,-3.644732,-2.390732,-6.878732,0.189268,-2.444732,1.491268,2.269268,2.018268,-2.602732,1.695268,1
1.997268,-0.168732,2.258268,-6.942732,3.225268,-5.645732,0.138268,4.710268,-0.837732,-2.084732,1.878268,1.642268,2.594268,-1.351732,6.845268,0.783268,-6.981732,3.409268,-5.401732,10.174268,0.610268,7.443268,-8.225732,2.858268,-4.064732,-3.908732,4.499268,5.502268,-0.418732,5.213268,-3.493732,0.607268,1
1.803268,-4.611732,-2.771732,-7.221732,5.741268,1.579268,-0.351732,-8.431732,-1.246732,-0.750732,-8.945732,2.524268,-5.409732,3.773268,-2.370732,3.474268,5.144268,-0.277732,5.814268,1.999268,6.124268,-2.926732,-6.534732,-2.124732,-3.017732,-0.235732,4.403268,2.664268,-2.468732,-0.079732,0.902268,-5.247732,1
-5.621732,-2.342732,-0.774732,0.933268,-1.500732,0.888268,-4.953732,1.237268,4.816268,14.592268,1.586268,-7.541732,-8.493732,-1.970732,-8.042732,1.493268,-3.897732,2.765268,0.215268,-1.672732,-9.768732,-5.909732,2.536268,-0.136732,-3.869732,-1.537732,-1.552732,-0.989732,-0.526732,9.481268,-1.191732,-5.810732,1
1.327268,1.080268,0.148268,4.432268,-2.978732,2.367268,-3.731732,-0.469732,1.322268,-1.278732,-0.019732,-3.399732,4.798268,-5.395732,-7.639732,-5.908732,1.686268,-9.652732,-1.965732,-6.195732,0.068268,1.183268,2.223268,-3.450732,1.335268,-4.240732,-7.396732,-7.466732,2.412268,-0.836732,-3.006732,-0.307732,1
-5.398732,2.421268,-1.035732,-9.042732,-1.868732,3.543268,-1.606732,-1.085732,4.160268,-2.816732,-2.723732,-1.277732,-8.017732,-4.517732,-0.326732,13.287268,-8.369732,-3.285732,1.414268,-8.652732,2.061268,-10.927732,-7.532732,0.910268,3.827268,2.790268,9.622268,-4.119732,-1.655732,5.238268,-8.562732,-1.903732,1
0.063268,2.418268,2.621268,2.816268,0.816268,4.861268,-0.537732,-4.222732,-4.740732,-2.128732,-10.734732,1.961268,2.479268,-7.221732,2.033268,-2.975732,4.341268,-8.856732,-1.885732,-2.005732,-10.445732,2.835268,-5.196732,1.386268,3.440268,-0.064732,-4.415732,-2.429732,-5.945732,0.622268,-7.743732,-0.333732,1
-3.539732,6.312268,-6.505732,4.810268,-1.573732,3.143268,-3.458732,5.032268,-10.380732,5.549268,-3.463732,-2.475732,2.344268,3.049268,-0.445732,-0.499732,-6.213732,2.051268,-3.169732,-2.842732,2.172268,-2.849732,15.810268,5.323268,-7.576732,-5.218732,1.937268,-0.203732,-2.390732,-1.657732,-6.352732,-4.480732,1
-2.687732,-1.471732,-8.355732,0.195268,0.553268,-0.516732,-5.104732,7.884268,-3.633732,-8.194732,-1.836732,1.605268,15.987268,-6.601732,-12.270732,1.059268,-12.960732,-2.968732,-8.555732,-2.845732,-4.453732,-9.559732,-5.868732,-2.233732,0.989268,5.558268,-9.092732,2.627268,4.881268,-2.059732,1.945268,3.612268,1
-2.691732,2.838268,-2.324732,0.206268,3.591268,-5.798732,-0.615732,-0.417732,-5.644732,-6.509732,-14.628732,-2.666732,1.463268,3.741268,-0.967732,-6.512732,0.056268,4.080268,-4.478732,3.519268,-5.306732,-9.209732,-6.212732,-6.018732,-2.202732,-7.598732,0.423268,3.523268,-5.311732,-4.919732,-0.399732,-1.215732,1
14.952268,-1.442732,-1.254732,-3.189732,1.497268,2.013268,3.705268,3.481268,3.222268,1.585268,-4.142732,0.194268,-5.899732,-3.127732,4.654268,-0.479732,-19.024732,5.216268,-3.356732,-5.063732,7.153268,2.829268,-2.813732,1.033268,-5.766732,-2.145732,-3.136732,-9.577732,-3.567732,6.235268,0.416268,-8.038732,1
-7.993732,-4.775732,-15.382732,0.101268,-2.057732,-0.255732,5.972268,3.273268,10.206268,1.114268,-11.734732,3.815268,5.161268,-4.623732,1.036268,-1.376732,9.300268,-0.954732,3.429268,-0.902732,-9.272732,-5.377732,2.565268,-10.390732,-1.187732,-7.348732,-3.837732,1.330268,-7.078732,-2.761732,-1.173732,-10.770732,1
2.781268,1.819268,1.053268,-3.487732,-0.956732,-19.668732,5.040268,5.305268,2.166268,-1.444732,0.475268,-1.219732,-4.929732,-9.544732,-3.328732,7.957268,6.136268,3.348268,9.116268,-11.982732,5.399268,-1.001732,-4.357732,-5.835732,-3.849732,-0.986732,-1.203732,0.277268,5.244268,-6.705732,2.131268,-0.671732,1
0.643268,-1.211732,7.790268,0.477268,7.661268,-6.794732,-6.045732,-9.070732,-4.839732,0.890268,-3.000732,1.140268,4.535268,-1.162732,1.517268,-7.979732,-4.344732,-0.085732,-6.370732,-2.605732,-6.122732,-3.124732,-4.714732,3.719268,-2.210732,-1.559732,-3.188732,-4.616732,-2.544732,0.421268,1.117268,5.141268,1
-0.948732,-4.919732,3.197268,-0.561732,5.378268,6.253268,-10.530732,3.451268,1.664268,-11.632732,-2.298732,-2.454732,-0.069732,8.195268,2.784268,-1.217732,-8.460732,-0.141732,-4.072732,-3.035732,-3.866732,-17.805732,-5.588732,-4.570732,-7.799732,0.662268,2.373268,-0.598732,2.114268,4.546268,0.246268,-2.733732,1
-6.168732,0.425268,1.499268,1.656268,-8.129732,-0.980732,3.103268,-0.267732,-0.189732,-6.490732,1.223268,-0.795732,5.040268,2.300268,-3.543732,2.853268,0.416268,6.600268,2.481268,-1.552732,3.169268,3.302268,-0.131732,-9.009732,3.860268,1.935268,7.898268,8.775268,2.106268,1.844268,1.575268,-4.324732,1
-4.500732,-7.006732,1.607268,-9.384732,-6.035732,-5.062732,-6.018732,1.287268,-7.836732,-3.702732,6.540268,-1.668732,1.962268,-0.566732,0.453268,-3.012732,0.375268,-2.095732,-4.553732,3.435268,-3.237732,7.777268,2.358268,0.283268,-12.777732,0.126268,3.160268,-3.452732,-3.918732,-1.250732,-1.318732,-2.201732,1
4.699268,0.622268,7.425268,0.618268,-9.043732,-6.948732,-4.444732,2.953268,-11.597732,5.190268,1.261268,-4.486732,1.451268,-2.115732,-1.257732,-1.534732,1.093268,-4.059732,9.245268,4.898268,-0.230732,3.160268,-9.338732,-3.318732,0.849268,4.603268,-6.061732,-1.789732,-5.088732,-1.348732,0.043268,-5.762732,1
-5.539732,0.498268,0.984268,3.311268,3.935268,2.042268,0.984268,-0.644732,1.139268,5.038268,7.441268,-8.448732,-0.681732,-7.250732,-7.998732,-5.904732,-6.510732,4.997268,-6.105732,-4.248732,-1.501732,-5.831732,-1.330732,-4.374732,-8.304732,-0.458732,4.365268,1.919268,2.325268,-2.667732,4.953268,1.894268,1
-6.019732,-6.883732,-9.710732,-5.627732,-9.606732,-6.835732,-5.388732,0.739268,0.479268,-4.309732,-2.646732,2.609268,0.921268,0.741268,-3.770732,-7.757732,-0.030732,2.407268,3.479268,5.196268,-7.883732,6.750268,-4.106732,-3.119732,-0.072732,-8.007732,-1.776732,-0.784732,0.637268,0.289268,-9.064732,2.399268,1
-5.383732,-3.552732,1.817268,-1.109732,-1.360732,-10.872732,0.100268,-2.431732,-2.087732,5.995268,3.196268,-5.688732,4.611268,-4.296732,-3.024732,-5.368732,0.406268,-7.271732,0.576268,2.963268,-1.522732,4.019268,-21.912732,2.426268,0.642268,-0.633732,5.600268,1.892268,-9.096732,-1.221732,-0.898732,-3.393732,1
1.336268,-4.721732,-8.970732,3.385268,2.700268,0.622268,-6.776732,3.196268,4.057268,6.767268,-2.987732,-4.212732,-3.293732,3.641268,7.440268,1.337268,8.136268,-0.761732,1.706268,0.852268,-1.807732,-1.703732,-3.156732,-0.623732,-1.608732,-0.307732,-0.582732,-13.107732,-0.142732,4.322268,1.062268,-6.714732,1
-7.296732,-2.073732,-0.087732,5.474268,3.190268,-2.409732,4.561268,-8.025732,4.234268,1.615268,-3.227732,1.654268,4.679268,-3.286732,-5.429732,-3.600732,0.240268,2.576268,6.124268,-5.216732,-0.287732,-1.954732,-9.636732,7.946268,0.329268,-3.272732,2.238268,2.515268,-4.441732,-2.713732,5.887268,0.461268,1
-8.415732,0.021268,-1.042732,-2.307732,-3.030732,-0.102732,-8.946732,-0.048732,5.665268,-3.085732,-4.948732,-5.681732,5.373268,8.868268,-1.850732,-3.829732,3.716268,-9.756732,5.743268,-4.593732,6.739268,0.616268,-3.837732,0.741268,-4.717732,-4.657732,-9.497732,4.177268,-3.379732,1.859268,3.564268,-0.873732,1
-3.836732,3.049268,-2.361732,-2.600732,1.451268,-8.075732,5.850268,1.105268,-6.507732,-8.298732,-7.974732,-6.676732,-2.930732,-5.956732,1.181268,4.498268,-0.616732,0.035268,-0.240732,-9.589732,5.063268,5.045268,0.313268,-4.841732,-3.493732,-4.745732,1.572268,-8.862732,4.683268,6.153268,-4.055732,9.833268,1
-0.967732,-3.874732,2.874268,-2.798732,-2.569732,0.450268,4.040268,7.051268,0.255268,-3.667732,-3.680732,3.298268,5.972268,-3.748732,-2.857732,1.923268,-0.243732,1.409268,-21.600732,14.350268,-1.151732,4.299268,-5.102732,9.703268,0.427268,-0.019732,0.386268,3.356268,-3.869732,0.661268,9.382268,-4.858732,1
1.452268,-8.301732,4.491268,-0.892732,-1.418732,-2.845732,-6.831732,1.203268,0.930268,5.393268,3.855268,-2.048732,0.627268,-0.314732,1.282268,-2.211732,-0.336732,-7.037732,-11.135732,0.227268,-7.060732,3.931268,-6.647732,-2.633732,-1.958732,1.846268,-9.379732,-1.525732,10.044268,-5.642732,-0.428732,1.884268,1
-5.180732,5.335268,4.477268,14.936268,-6.734732,-1.549732,-3.980732,5.239268,-14.182732,-5.241732,-4.677732,-1.041732,2.376268,2.630268,-1.790732,-5.003732,7.879268,3.133268,8.278268,-11.885732,-9.341732,-1.809732,1.892268,1.109268,-2.777732,-1.575732,-6.829732,5.989268,1.434268,2.512268,-0.777732,-3.882732,1
-1.218732,-1.106732,-5.985732,0.204268,-1.585732,-6.376732,-1.186732,3.591268,6.673268,-8.619732,-8.967732,3.953268,8.048268,0.412268,-2.914732,2.281268,-1.980732,-5.938732,3.223268,-6.790732,-4.331732,-7.681732,6.336268,-0.951732,-1.210732,-3.445732,-7.831732,4.524268,-2.065732,-10.466732,1.044268,-0.648732,1
-1.678732,-1.283732,2.441268,6.575268,-8.593732,-6.274732,-5.033732,-3.113732,-4.725732,-1.685732,-3.853732,-8.824732,-3.044732,1.167268,-0.515732,-0.568732,-5.823732,-2.080732,-2.934732,3.100268,-5.566732,0.017268,-3.653732,-2.213732,-4.797732,4.523268,-0.235732,4.632268,-1.637732,1.069268,3.349268,1.462268,1
-2.663732,-7.603732,-2.593732,-0.147732,19.577268,-1.621732,-0.377732,1.033268,4.073268,3.775268,-3.901732,7.161268,-0.159732,-6.252732,1.904268,0.450268,6.433268,1.247268,0.738268,0.264268,5.250268,5.515268,-3.532732,-0.588732,-5.740732,-4.948732,20.555268,-4.971732,4.397268,-1.817732,-1.500732,-2.939732,1
3.777268,-1.800732,-5.539732,1.726268,-18.921732,-2.723732,-7.993732,4.506268,-4.860732,-1.225732,2.041268,1.833268,8.860268,-5.412732,-5.227732,-2.024732,5.689268,19.328268,-2.277732,-4.589732,-7.358732,-2.437732,3.973268,5.244268,-6.871732,-6.718732,-1.176732,-2.910732,-2.559732,-0.857732,-5.551732,7.109268,1
-6.921732,0.952268,-4.411732,-8.652732,3.545268,1.421268,-9.156732,-0.418732,-4.401732,-1.802732,-2.439732,-4.381732,5.246268,2.882268,-1.304732,4.201268,-1.126732,-5.585732,0.324268,-0.490732,-2.701732,2.051268,-0.713732,-9.407732,1.107268,-0.465732,2.410268,3.679268,4.025268,-4.764732,1.103268,-4.201732,1
-5.754732,-3.952732,-5.010732,2.103268,11.538268,-3.211732,-8.915732,10.919268,-2.012732,-0.956732,-1.143732,0.550268,0.575268,-0.859732,-5.102732,-6.255732,4.801268,6.820268,-2.183732,16.026268,0.644268,2.599268,-1.601732,6.389268,2.300268,3.699268,-1.758732,1.883268,-3.787732,5.120268,3.171268,-2.002732,1
-7.577732,1.927268,0.970268,5.437268,7.862268,2.913268,0.539268,-3.794732,-1.203732,-3.862732,-3.533732,6.568268,7.033268,-21.575732,0.268268,-5.579732,5.679268,-0.764732,5.312268,-4.322732,-3.867732,-3.722732,-2.005732,1.478268,18.169268,-0.698732,-6.326732,-1.743732,4.325268,-7.126732,0.840268,-4.347732,1
7.837268,-8.740732,-2.668732,-2.834732,0.364268,-4.022732,-21.462732,-0.496732,-5.334732,-4.729732,-9.382732,8.935268,-4.731732,2.664268,0.063268,7.137268,1.488268,-5.202732,-1.079732,0.143268,-4.123732,8.180268,4.551268,-6.834732,2.886268,0.098268,0.074268,-5.187732,-0.846732,3.557268,-1.738732,-4.759732,1
1.539268,-0.825732,5.013268,2.194268,5.418268,0.719268,3.361268,-0.545732,-3.677732,0.312268,1.355268,-2.759732,6.585268,3.623268,-4.689732,2.187268,-8.775732,-2.274732,-1.436732,4.193268,-1.432732,-6.473732,-3.706732,-0.427732,-1.904732,-6.518732,1.656268,1.593268,2.278268,-5.303732,-1.159732,-0.710732,1
4.058268,8.048268,16.009268,-6.318732,-6.679732,3.173268,0.844268,-4.121732,0.765268,1.169268,4.802268,2.549268,-0.925732,-3.305732,1.605268,-0.919732,-3.003732,-1.922732,1.091268,-5.768732,-0.435732,-5.652732,0.252268,4.153268,-5.952732,-0.644732,-7.062732,-2.720732,-5.592732,-5.476732,-11.630732,0.280268,1
-3.180732,0.132268,5.663268,0.712268,-7.038732,1.558268,-2.406732,-9.351732,-4.827732,2.952268,3.863268,-4.324732,10.281268,-0.950732,-4.856732,-0.028732,3.096268,-1.417732,-2.284732,0.543268,7.070268,-7.092732,6.113268,-4.078732,-1.657732,-2.274732,3.137268,-2.696732,-5.387732,-8.038732,-1.132732,-1.567732,1
-0.606732,-1.718732,-9.040732,2.835268,-1.935732,3.319268,-12.644732,-0.096732,-0.473732,-3.358732,1.697268,-3.091732,6.267268,0.384268,13.369268,-1.219732,5.558268,2.005268,2.982268,-2.703732,-2.401732,-6.185732,3.910268,8.174268,-2.284732,7.051268,-5.389732,-12.124732,-5.403732,0.778268,-0.832732,5.446268,1
2.982268,2.149268,-0.136732,2.868268,-0.758732,19.156268,-6.698732,0.551268,-3.030732,5.479268,-6.001732,-7.058732,-6.335732,-12.642732,-0.169732,10.778268,-11.891732,4.642268,4.550268,-1.791732,-17.431732,-11.766732,7.042268,-10.859732,-4.525732,3.508268,-2.135732,3.760268,5.557268,0.326268,8.885268,0.366268,1
-0.799732,-0.361732,-7.584732,5.558268,-2.496732,-1.268732,1.101268,2.627268,-2.786732,4.338268,-2.424732,1.485268,-0.972732,9.032268,-3.602732,-5.680732,3.180268,0.626268,-7.536732,4.905268,2.766268,-7.283732,7.118268,-5.591732,8.029268,-3.894732,1.011268,8.282268,4.851268,9.575268,1.526268,4.368268,1
2.398268,6.737268,-1.613732,-7.987732,-0.348732,-3.593732,-6.392732,-5.111732,-12.925732,7.521268,-1.528732,3.134268,-0.003732,0.349268,-0.867732,0.248268,0.484268,1.222268,-3.814732,-8.948732,8.498268,-4.438732,8.026268,1.410268,-8.899732,-8.188732,4.637268,-1.987732,-4.773732,3.905268,-0.021732,1.557268,1
-8.592732,1.605268,1.617268,-11.487732,-9.046732,2.777268,5.499268,8.182268,-2.965732,-10.459732,1.075268,2.715268,8.461268,-4.007732,-5.218732,-2.820732,4.567268,-2.154732,-1.949732,-2.231732,5.093268,3.290268,-3.373732,-7.312732,5.722268,6.888268,-0.063732,0.769268,-4.819732,-6.117732,-4.306732,-4.008732,1
-0.537732,-4.519732,9.513268,1.103268,0.287268,-0.185732,-2.187732,-0.664732,0.861268,-3.925732,-8.349732,-2.913732,-12.838732,2.636268,-6.401732,1.817268,1.948268,-0.129732,-0.467732,-3.357732,2.258268,6.814268,2.639268,-3.480732,-6.407732,-0.009732,6.683268,-2.695732,1.614268,-5.586732,3.048268,-7.179732,1
3.414268,-8.787732,-7.022732,3.583268,3.017268,0.328268,-4.078732,-8.101732,-2.825732,-5.936732,-3.781732,2.498268,10.398268,5.079268,16.627268,0.564268,-4.337732,-11.485732,-0.487732,4.861268,1.962268,-11.959732,0.002268,-0.678732,-5.312732,-1.996732,2.283268,2.074268,-2.886732,-16.442732,-2.381732,0.950268,1
-8.399732,6.116268,-5.463732,-3.405732,-6.960732,-2.905732,3.806268,-15.936732,4.727268,2.944268,8.776268,-3.936732,4.069268,-4.342732,-1.874732,-9.730732,1.474268,-8.859732,-10.752732,-2.322732,2.889268,6.162268,-6.695732,5.722268,-7.832732,-2.007732,-2.792732,-6.026732,1.675268,2.804268,-5.532732,-3.445732,1
-8.635732,7.361268,-7.237732,0.666268,2.098268,-3.108732,-2.725732,-5.200732,4.046268,-1.911732,3.239268,3.195268,-9.278732,-0.824732,-4.262732,-0.526732,-9.934732,-1.117732,-9.382732,3.732268,-2.185732,-0.030732,-3.497732,-5.256732,-7.774732,-4.567732,1.253268,1.352268,-1.907732,-3.914732,-2.333732,-0.763732,1
2.583268,-2.870732,10.314268,-2.816732,-1.340732,0.066268,-2.805732,-6.863732,-2.709732,0.453268,-1.860732,-2.848732,-7.250732,-4.661732,7.332268,3.224268,1.614268,5.018268,-1.513732,-6.291732,4.757268,8.135268,-1.204732,-6.020732,5.239268,-1.528732,-2.370732,-10.089732,-3.310732,-3.939732,0.977268,0.576268,1
1.491268,-6.593732,4.756268,-7.866732,1.367268,9.397268,-0.208732,-1.323732,-6.037732,-2.814732,4.567268,-3.044732,-5.251732,2.356268,5.727268,6.913268,4.355268,0.945268,-2.038732,-2.787732,1.285268,2.019268,-0.505732,-5.269732,0.932268,-6.613732,-1.493732,6.670268,-4.681732,-6.245732,4.386268,-0.581732,1
5.829268,3.346268,0.675268,0.524268,-5.876732,-4.794732,-3.986732,3.217268,-4.964732,-5.554732,-1.604732,0.791268,3.784268,-3.794732,5.789268,-1.986732,-2.920732,-0.758732,0.686268,-5.156732,-0.701732,-5.843732,6.784268,-3.171732,-6.065732,-7.130732,4.722268,-0.738732,-3.087732,7.936268,1.085268,5.289268,1
4.449268,-4.326732,14.602268,13.126268,0.790268,-4.976732,-0.689732,-1.266732,-2.720732,-5.869732,0.223268,-2.427732,1.835268,1.931268,-4.078732,0.429268,0.660268,-1.862732,-1.574732,2.782268,-5.781732,-4.246732,-3.925732,11.931268,-1.649732,-8.232732,1.056268,-1.164732,-2.092732,-2.042732,-1.102732,-1.710732,1
-0.696732,-8.547732,19.802268,-4.409732,-6.968732,3.015268,-4.494732,-2.001732,-0.052732,-3.771732,6.621268,3.951268,-1.398732,1.279268,-1.841732,-1.801732,2.681268,6.192268,2.297268,-6.281732,0.062268,3.381268,-5.492732,-0.185732,-6.619732,0.946268,-4.016732,6.783268,2.178268,6.403268,1.505268,1.211268,1
-5.324732,-0.323732,7.067268,-4.691732,-1.547732,0.736268,5.112268,0.418268,2.410268,-0.568732,-0.819732,3.395268,-5.908732,-4.602732,3.164268,1.121268,5.031268,18.788268,0.497268,-4.168732,-1.169732,-2.488732,-4.941732,4.892268,2.781268,-1.812732,-1.722732,5.968268,-1.052732,3.149268,-6.520732,6.105268,1
-3.893732,-3.641732,3.206268,1.090268,-4.818732,-5.037732,-4.000732,-2.161732,2.458268,-9.419732,0.147268,-8.942732,-2.842732,-2.232732,1.826268,2.367268,2.333268,4.315268,-11.721732,-2.407732,-8.590732,0.377268,0.512268,-6.548732,-3.719732,-22.057732,-1.287732,-1.003732,3.412268,-5.841732,-7.636732,-2.269732,1
-4.349732,-2.968732,2.066268,4.648268,9.434268,7.015268,-5.020732,-2.714732,-4.391732,-1.047732,1.458268,2.188268,-0.858732,-2.915732,-0.512732,-8.264732,-0.818732,-1.731732,-2.717732,3.445268,-1.126732,0.862268,-2.330732,-3.074732,-1.038732,1.556268,2.607268,-2.744732,6.278268,6.776268,-9.258732,0.735268,1
-3.334732,-1.512732,0.169268,-0.059732,12.228268,0.861268,5.519268,-6.187732,0.437268,0.782268,-7.541732,5.692268,1.237268,0.085268,-5.620732,-2.131732,-4.147732,8.788268,0.264268,-0.654732,-8.556732,-2.546732,4.834268,-3.522732,9.716268,-6.478732,-5.875732,1.987268,-7.524732,0.104268,1.460268,1.480268,1
0.740268,7.027268,5.082268,-5.253732,-1.157732,-6.376732,5.480268,-5.127732,0.935268,3.099268,-18.299732,-2.105732,5.651268,1.205268,1.272268,-0.527732,-0.608732,-9.176732,-0.409732,4.224268,-3.334732,-2.426732,0.999268,-1.170732,-7.766732,-1.746732,0.267268,-2.479732,-0.666732,-0.529732,-1.609732,-3.501732,1
-5.409732,7.289268,0.899268,-0.861732,1.578268,-2.097732,-8.157732,-5.151732,-1.796732,3.186268,0.637268,-1.616732,2.604268,-2.300732,1.460268,-1.266732,-0.113732,2.194268,-0.319732,-7.944732,-2.411732,0.094268,1.136268,-9.236732,-2.431732,-7.615732,4.637268,-7.538732,3.247268,-3.355732,2.599268,-4.886732,1
2.802268,-7.161732,1.443268,-0.858732,3.915268,3.555268,-5.219732,1.318268,-2.375732,-2.098732,3.086268,-5.526732,-2.259732,7.420268,0.694268,2.412268,2.674268,-3.238732,-2.809732,-5.181732,-8.128732,1.708268,1.257268,-1.109732,-2.423732,-1.123732,-4.409732,-6.571732,-6.645732,-0.124732,6.281268,-0.396732,1
-0.374732,0.562268,0.009268,-1.237732,-19.465732,2.992268,-10.503732,0.491268,-6.910732,-1.365732,-1.475732,-0.991732,1.416268,6.939268,-4.201732,5.216268,-2.836732,-0.068732,-10.272732,0.946268,-0.197732,3.533268,-3.360732,-1.117732,-1.554732,-6.928732,1.300268,4.300268,-5.386732,-0.370732,-13.107732,3.086268,1
-3.554732,7.295268,-0.536732,-6.344732,-4.471732,1.267268,-3.119732,1.243268,0.437268,-0.206732,-0.498732,3.387268,-2.073732,2.391268,-4.927732,7.295268,2.511268,0.163268,2.165268,-6.067732,4.751268,-1.640732,-1.836732,-3.286732,0.212268,-8.207732,6.183268,0.056268,1.609268,4.268268,4.841268,-2.968732,1
3.075268,-0.167732,11.060268,1.835268,-4.984732,-0.186732,2.890268,-5.826732,9.883268,-11.564732,-1.119732,0.346268,-7.130732,-4.263732,-0.241732,-3.786732,-4.821732,15.198268,-6.071732,-0.435732,5.840268,3.767268,-4.592732,1.232268,-5.034732,-1.505732,9.697268,-1.834732,0.404268,-3.919732,7.480268,-1.095732,1
-9.134732,-10.957732,-2.313732,-6.247732,-2.064732,-3.573732,-7.939732,-8.226732,-4.271732,-1.927732,-4.680732,-1.363732,1.843268,-0.593732,4.393268,-0.394732,0.471268,-3.471732,-5.235732,-21.243732,3.460268,-4.128732,2.797268,5.717268,7.127268,9.573268,-6.069732,-4.233732,2.001268,1.500268,5.956268,1.664268,1
-0.619732,-4.332732,-3.509732,0.262268,0.773268,-5.549732,2.494268,-2.608732,3.553268,4.803268,4.077268,-0.770732,0.117268,-2.364732,-5.619732,-12.215732,-4.094732,-1.648732,-11.436732,-0.010732,0.256268,2.218268,4.299268,-4.817732,-1.130732,-0.431732,-2.874732,-6.327732,-1.940732,6.783268,2.749268,-0.422732,1
-1.023732,4.892268,1.908268,1.600268,-1.730732,-2.797732,2.651268,-9.751732,-3.204732,-0.878732,-4.563732,2.052268,-5.299732,-9.712732,-2.565732,-0.853732,-0.679732,0.254268,-1.581732,-0.314732,-5.440732,-6.368732,-0.974732,-3.008732,2.767268,-0.331732,-10.586732,4.375268,10.799268,-6.517732,-2.226732,4.779268,1
-5.790732,8.217268,-5.236732,-0.709732,-6.440732,-1.487732,-1.752732,-6.611732,-10.524732,0.444268,-2.032732,1.619268,-3.858732,0.589268,5.248268,3.343268,-1.019732,4.092268,-2.245732,-0.886732,4.822268,-2.474732,-9.451732,-5.200732,-1.870732,1.391268,-4.338732,-0.851732,-0.135732,-0.867732,4.421268,5.769268,1
-5.006732,20.148268,-4.918732,1.452268,-0.204732,-1.367732,-3.519732,0.134268,-4.132732,-4.192732,-11.684732,-3.442732,-7.114732,7.316268,0.988268,-6.808732,-0.159732,6.291268,2.434268,2.472268,2.870268,4.435268,0.146268,-7.258732,1.090268,6.265268,-8.456732,-9.257732,-7.102732,-6.267732,-5.613732,-1.395732,1
5.558268,-11.981732,-1.676732,1.807268,7.430268,1.697268,1.674268,-10.570732,0.299268,4.242268,-10.022732,-6.077732,5.430268,-1.436732,-0.682732,3.173268,3.849268,3.428268,1.079268,-1.382732,-0.211732,2.889268,-0.144732,1.255268,-0.353732,-1.911732,-3.561732,-7.783732,-4.586732,5.016268,0.144268,0.357268,1
-1.041732,-3.692732,2.434268,-2.670732,6.106268,9.062268,0.368268,-0.464732,-0.988732,-10.577732,1.481268,-5.434732,-3.932732,-2.438732,-0.750732,7.409268,-1.459732,2.111268,-7.816732,0.176268,-2.595732,-0.656732,-0.514732,-4.416732,3.321268,3.677268,-0.037732,1.008268,-4.390732,0.109268,-2.151732,-1.456732,1
0.294268,-6.051732,2.095268,-5.785732,-5.689732,-6.780732,-5.728732,0.584268,-6.605732,-12.635732,1.189268,3.116268,-4.066732,-0.978732,18.891268,-6.547732,-3.155732,1.278268,1.873268,-1.779732,-11.345732,-0.130732,-0.040732,-5.620732,-10.497732,-7.465732,6.444268,-1.343732,-1.342732,-5.479732,-1.144732,14.891268,1
3.011268,-0.926732,-5.065732,3.903268,-1.311732,2.720268,-0.319732,-5.668732,0.196268,-4.810732,1.734268,-7.229732,6.942268,-3.960732,-7.505732,9.421268,0.061268,0.028268,5.882268,-10.541732,-4.032732,10.308268,-3.159732,2.378268,3.388268,-0.025732,4.965268,-4.778732,0.319268,-1.620732,0.515268,-0.676732,1
-2.293732,-1.286732,-0.475732,-4.186732,-7.252732,0.830268,-4.910732,4.464268,8.686268,6.126268,-1.859732,0.767268,-7.490732,-4.664732,-0.348732,-2.463732,-5.890732,-4.780732,-1.455732,-2.782732,-6.392732,-10.820732,3.660268,2.824268,1.431268,-6.205732,2.426268,-7.350732,2.572268,-0.063732,-10.207732,-3.541732,1
4.369268,-10.724732,-6.634732,-4.761732,4.139268,-7.404732,-3.526732,-5.136732,1.138268,-9.806732,-5.723732,6.504268,1.580268,3.303268,-0.864732,-5.686732,-3.923732,-7.254732,4.126268,1.680268,-0.961732,-1.989732,4.359268,-7.644732,-4.800732,-1.577732,-2.179732,4.222268,-0.024732,-3.745732,0.582268,-2.600732,1
3.697268,-1.152732,-7.487732,2.369268,-9.365732,-0.813732,-2.046732,-10.359732,-2.106732,-1.853732,2.744268,0.254268,5.606268,-5.832732,5.885268,-0.167732,-0.684732,-11.208732,0.066268,1.533268,2.393268,-4.437732,-5.505732,-7.327732,3.811268,0.422268,-4.453732,-0.999732,-1.339732,-4.022732,-1.812732,-8.428732,1
-0.643732,2.707268,-5.431732,-1.434732,-2.270732,7.131268,-3.255732,-3.912732,1.304268,-4.229732,-4.730732,-3.031732,-6.036732,3.242268,-2.613732,-3.012732,-3.641732,6.234268,-8.087732,-2.025732,-9.447732,-6.362732,-0.052732,-5.644732,-4.400732,-5.138732,6.995268,0.174268,-12.202732,-2.441732,2.076268,9.106268,1
-1.446732,-7.775732,-4.782732,-3.674732,0.602268,-4.373732,0.149268,-0.144732,-0.609732,1.861268,-6.939732,5.910268,10.443268,5.492268,5.023268,-5.803732,-0.100732,10.409268,-0.485732,-5.902732,-6.243732,15.693268,7.031268,0.806268,10.999268,-3.999732,-4.202732,1.611268,-6.431732,3.288268,-0.913732,3.075268,1
-4.583732,0.256268,-5.528732,-0.999732,2.238268,-8.271732,-0.912732,2.563268,-4.501732,0.484268,5.514268,-0.927732,-1.671732,-2.061732,-1.618732,-5.486732,3.245268,4.540268,2.265268,3.159268,-0.301732,1.860268,0.972268,-6.548732,-0.681732,3.953268,-2.670732,2.699268,-0.062732,4.961268,6.021268,-2.413732,1
4.726268,-0.685732,-0.945732,4.433268,4.269268,-4.892732,5.283268,-3.426732,0.634268,-0.833732,2.114268,-3.795732,-0.418732,-3.975732,-1.067732,1.565268,4.411268,2.864268,5.531268,-11.807732,-0.943732,9.159268,8.159268,2.797268,-5.080732,7.973268,3.043268,-0.637732,-6.244732,0.184268,-6.505732,4.170268,1
-2.787732,-5.126732,2.121268,5.673268,4.604268,-9.351732,3.135268,-1.507732,1.254268,-3.467732,-4.397732,-2.229732,-4.028732,2.163268,-1.457732,15.528268,3.788268,1.440268,-3.344732,-3.621732,3.254268,-4.017732,-5.140732,-3.977732,-6.258732,4.217268,-7.591732,-5.764732,-1.340732,1.946268,-1.176732,-4.840732,1
-20.813732,4.631268,6.989268,-4.701732,5.624268,3.877268,-2.297732,-0.812732,-6.402732,-0.030732,-10.866732,2.713268,4.896268,-7.235732,18.721268,0.346268,1.196268,3.285268,-5.730732,-0.868732,-2.575732,0.446268,-1.742732,-2.228732,-1.229732,-2.071732,-11.944732,-4.178732,-2.983732,-6.083732,-2.469732,-2.378732,1
4.160268,-1.878732,1.633268,4.319268,-1.248732,-0.047732,-8.219732,1.277268,-4.320732,-6.264732,9.000268,-7.027732,-4.304732,8.245268,-4.598732,-0.244732,-0.517732,-1.474732,0.501268,0.874268,-9.249732,-4.146732,4.543268,-5.555732,0.603268,4.276268,0.125268,-1.079732,5.120268,-5.999732,-4.515732,-2.422732,1
5.046268,-8.956732,-3.062732,3.757268,-4.940732,-4.382732,-4.621732,-1.320732,-1.793732,-3.286732,1.340268,-1.038732,-8.268732,-2.629732,1.058268,3.864268,2.823268,-2.032732,-1.085732,-3.841732,4.524268,2.479268,11.630268,-1.105732,-3.636732,0.882268,8.026268,-1.520732,2.931268,-5.392732,-3.869732,3.495268,1
-7.530732,-7.575732,-3.209732,-2.592732,0.041268,-3.287732,-8.222732,1.225268,6.267268,4.495268,-1.189732,1.259268,0.310268,-5.270732,0.942268,3.993268,-7.161732,-2.469732,5.458268,-1.874732,-7.226732,1.982268,-7.527732,-1.950732,1.280268,-4.149732,-7.662732,-5.783732,-0.162732,-0.070732,0.388268,-2.429732,1
-7.968732,2.960268,2.052268,2.242268,-0.012732,-3.751732,2.422268,-9.062732,4.617268,-6.510732,1.973268,-2.684732,5.151268,1.756268,1.250268,-1.554732,-3.264732,5.403268,-1.884732,0.042268,4.147268,-16.589732,-3.487732,7.532268,-0.901732,-2.617732,0.896268,4.037268,-0.554732,1.706268,-7.340732,-5.400732,1
0.719268,1.755268,-5.875732,11.191268,8.332268,-5.504732,-2.912732,-7.071732,-2.656732,-10.433732,-3.013732,-2.575732,-13.938732,-4.912732,2.363268,-2.228732,-6.034732,9.545268,2.712268,1.446268,-6.484732,-5.548732,3.588268,-2.692732,2.379268,5.971268,2.263268,-0.038732,-8.724732,-1.795732,-1.256732,-1.224732,1
-1.867732,-6.181732,-0.497732,-2.546732,5.826268,-0.271732,7.816268,-1.215732,-9.582732,5.763268,1.536268,3.801268,2.033268,-6.569732,-4.023732,-5.024732,1.687268,1.229268,-4.228732,-0.881732,-5.696732,-4.194732,10.660268,-2.881732,5.306268,6.135268,2.509268,2.944268,-8.339732,1.425268,0.967268,2.289268,1
-1.185732,-0.750732,-2.718732,-0.131732,-2.910732,-8.370732,-2.337732,2.473268,-5.151732,-2.644732,-9.067732,-6.056732,-4.339732,1.654268,-0.299732,3.685268,2.513268,-1.053732,0.652268,-2.249732,-4.167732,8.651268,2.262268,-5.205732,-8.185732,-3.164732,-4.238732,-0.032732,1.970268,-6.730732,-1.072732,-3.147732,1
-7.646732,-6.918732,3.604268,-17.489732,-8.020732,-5.439732,-3.323732,3.120268,-0.725732,-9.094732,5.300268,-0.768732,4.630268,-3.985732,-4.200732,-2.092732,-8.045732,-2.565732,14.122268,-2.579732,-0.618732,-1.559732,1.066268,1.927268,-0.556732,-2.499732,3.646268,20.759268,1.365268,-2.141732,-2.349732,-8.541732,1
4.027268,-1.047732,2.175268,1.095268,1.258268,14.334268,-3.537732,-2.391732,-1.265732,-2.525732,-11.613732,-7.044732,-3.831732,2.848268,-7.527732,-4.238732,-6.401732,-2.617732,-5.640732,5.724268,0.343268,-4.093732,-3.580732,-0.285732,0.264268,-6.145732,3.872268,1.817268,2.329268,0.152268,2.975268,-0.039732,1
0.256268,-5.452732,-2.343732,3.421268,2.598268,-2.515732,-6.559732,2.861268,-3.880732,-0.988732,-4.715732,-2.739732,0.854268,-1.660732,-0.065732,-0.120732,-4.018732,-0.008732,0.224268,9.174268,2.191268,-7.892732,-0.676732,-2.078732,-5.268732,-15.345732,-3.079732,-2.445732,-2.573732,10.811268,-6.650732,9.642268,1
-0.594732,-4.254732,0.175268,9.218268,-4.151732,-6.214732,-4.352732,-2.270732,-4.962732,-0.766732,0.198268,4.481268,-1.860732,-2.557732,-6.779732,2.301268,-7.471732,-5.901732,1.968268,-4.308732,2.181268,-4.603732,-10.607732,5.010268,1.195268,2.620268,-17.969732,0.309268,-3.119732,-3.102732,1.743268,4.423268,1
-4.484732,-9.305732,2.335268,-3.826732,-1.857732,1.236268,-1.932732,0.298268,2.260268,1.603268,6.054268,-2.525732,-0.669732,-10.094732,-1.906732,-9.065732,1.089268,0.192268,-3.545732,-5.578732,0.487268,-4.701732,-1.360732,0.684268,-0.172732,-4.887732,-3.057732,3.716268,7.974268,-3.182732,-0.539732,-1.119732,1
0.417268,-5.374732,2.878268,1.270268,-0.334732,-3.447732,3.146268,-2.989732,1.567268,3.192268,-4.637732,0.661268,-8.704732,0.396268,0.799268,-3.389732,1.048268,7.988268,-0.543732,-9.089732,-7.915732,2.409268,-10.074732,-4.564732,2.732268,1.496268,2.742268,3.475268,-7.573732,4.213268,-0.347732,1.686268,1
-2.339732,5.314268,20.178268,5.695268,3.024268,-3.496732,-1.926732,6.308268,4.451268,4.711268,-1.039732,-6.374732,-3.952732,0.266268,-0.397732,-1.544732,2.110268,-5.029732,-4.037732,-7.859732,-6.856732,3.172268,-3.839732,0.048268,2.758268,-0.595732,0.231268,1.538268,-12.253732,-1.942732,-7.014732,1.755268,1
1.402268,1.024268,-4.735732,-2.132732,-2.978732,20.989268,-0.574732,-1.280732,-6.002732,-6.117732,2.877268,4.322268,-0.821732,11.920268,-2.671732,4.477268,3.206268,-4.833732,-1.594732,-3.965732,-2.705732,-4.964732,2.055268,1.536268,-2.104732,-0.917732,-9.635732,-6.523732,0.342268,-7.610732,-3.763732,4.735268,1
-5.550732,-4.733732,-3.210732,-8.912732,5.590268,5.729268,2.255268,-4.196732,-0.397732,-0.042732,4.011268,-4.083732,3.274268,3.522268,4.175268,-5.925732,11.947268,-2.934732,-0.202732,-1.136732,-2.850732,7.263268,-2.845732,4.089268,-3.706732,4.116268,4.125268,7.034268,2.276268,-2.411732,-9.533732,-0.224732,1
0.269268,-12.863732,-7.943732,-7.436732,1.286268,0.192268,-2.440732,1.661268,2.299268,-1.095732,2.201268,0.300268,-3.171732,-8.149732,-1.318732,-2.463732,-6.513732,2.429268,1.669268,-3.472732,-2.404732,-4.970732,3.300268,-1.192732,-2.739732,3.994268,4.300268,-2.018732,-1.963732,-1.172732,4.570268,5.747268,1
