1.540000,4.221000,-0.103000,2.253000,0
1.510000,0.787000,1.772000,3.537000,0
0.256000,1.868000,2.448000,-0.235000,0
0.506000,1.407000,4.463000,3.254000,0
1.590000,0.608000,2.228000,2.881000,0
1.639000,-0.272000,-1.015000,1.571000,0
6.081000,1.032000,0.792000,-0.065000,0
1.722000,1.407000,2.028000,3.827000,0
0.718000,2.209000,2.746000,2.390000,0
0.454000,3.083000,2.265000,2.445000,0
3.688000,0.988000,-1.704000,2.040000,0
-1.143000,1.155000,-0.294000,3.509000,0
1.394000,0.257000,0.767000,-0.481000,0
-0.163000,-1.045000,-0.748000,0.628000,0
1.147000,1.340000,0.250000,0.770000,0
1.330000,1.107000,0.375000,1.820000,0
2.430000,-5.571000,2.130000,-0.356000,0
1.670000,0.161000,0.680000,-2.035000,0
2.990000,2.664000,2.265000,1.543000,0
-3.971000,1.800000,1.154000,1.054000,0
-2.038000,2.249000,1.296000,0.440000,0
3.731000,5.125000,0.248000,1.381000,0
-0.156000,0.467000,2.449000,2.247000,0
1.432000,0.039000,-1.274000,1.402000,0
1.898000,1.263000,1.541000,0.554000,0
2.180000,-0.402000,-0.383000,-0.092000,0
0.496000,-0.238000,0.689000,-1.687000,0
2.707000,1.430000,2.607000,0.853000,0
-1.874000,3.464000,5.573000,0.663000,0
1.210000,4.565000,-0.274000,-0.854000,0
0.555000,0.234000,2.270000,1.547000,0
-1.106000,2.006000,0.090000,0.059000,0
0.534000,3.203000,-0.084000,1.023000,0
-0.743000,1.311000,-0.217000,0.948000,0
-2.926000,2.187000,3.044000,1.433000,0
2.156000,0.755000,2.687000,1.715000,0
0.221000,0.885000,0.236000,1.044000,0
1.991000,1.598000,-0.667000,-0.299000,0
2.455000,2.776000,1.091000,4.969000,0
0.037000,0.980000,4.904000,1.590000,0
0.667000,-0.142000,-2.080000,1.410000,0
4.317000,2.354000,1.449000,0.486000,0
1.198000,-0.616000,0.639000,0.419000,0
-1.077000,1.605000,-0.185000,2.853000,0
4.692000,0.279000,-1.416000,-1.913000,0
1.118000,0.817000,3.267000,0.959000,0
-0.519000,-1.428000,0.479000,-0.399000,0
0.197000,2.522000,4.112000,2.509000,0
0.425000,6.088000,0.387000,0.673000,0
0.961000,-0.932000,2.398000,0.934000,0
0.626000,-3.382000,1.214000,1.162000,0
0.912000,1.228000,-0.135000,0.494000,0
0.925000,1.818000,1.574000,1.473000,0
0.919000,0.727000,1.548000,-0.048000,0
-2.909000,2.161000,-0.005000,2.712000,0
0.869000,3.925000,2.171000,0.089000,0
2.360000,1.555000,1.611000,-1.565000,0
1.768000,3.355000,1.028000,-0.298000,0
-1.865000,2.201000,0.815000,1.665000,0
1.830000,2.926000,2.166000,2.688000,0
1.190000,-0.343000,-0.314000,2.438000,0
2.265000,3.651000,0.981000,0.516000,0
1.732000,0.996000,-1.786000,2.370000,0
1.093000,1.231000,-0.855000,1.698000,0
-3.876000,-0.479000,1.240000,-0.496000,0
-5.677000,2.001000,4.808000,1.052000,0
-4.147000,-2.020000,1.931000,1.134000,0
3.024000,1.638000,0.904000,1.057000,0
-2.004000,0.480000,-1.147000,0.653000,0
-1.349000,-1.262000,-0.935000,2.977000,0
0.736000,2.748000,1.829000,1.492000,0
0.051000,0.478000,-1.044000,0.077000,0
4.171000,-0.907000,0.429000,0.712000,0
0.147000,-0.814000,-0.143000,2.086000,0
-0.314000,0.929000,-1.043000,0.669000,0
4.727000,1.522000,2.332000,1.893000,0
0.545000,3.161000,1.085000,0.552000,0
4.681000,0.982000,0.931000,0.633000,0
1.349000,0.262000,0.506000,4.563000,0
0.417000,-0.709000,1.005000,4.581000,0
1.271000,0.494000,1.784000,0.368000,0
2.977000,-1.084000,0.373000,-0.175000,0
1.928000,-0.428000,0.297000,1.082000,0
0.440000,-2.367000,-0.458000,4.885000,0
1.648000,1.450000,-0.592000,0.934000,0
-0.000000,-2.386000,0.620000,-0.709000,0
0.198000,-1.474000,1.574000,1.178000,0
1.818000,2.286000,3.711000,3.006000,0
-1.007000,3.056000,0.837000,1.373000,0
1.795000,1.094000,1.832000,-0.002000,0
2.035000,2.738000,-1.756000,-0.678000,0
0.683000,1.894000,1.493000,-0.118000,0
0.614000,2.322000,2.086000,1.563000,0
2.292000,-0.914000,-1.689000,-0.342000,0
-3.190000,3.119000,-2.078000,0.905000,0
1.280000,-0.348000,5.797000,-2.027000,0
0.094000,1.697000,2.104000,-0.698000,0
-1.787000,0.706000,-0.866000,1.263000,0
2.682000,-0.024000,3.731000,0.432000,0
2.752000,0.230000,1.614000,1.070000,0
0.803000,1.151000,-0.206000,1.920000,0
1.802000,2.775000,3.312000,-1.123000,0
5.344000,0.559000,2.994000,-0.640000,0
0.344000,0.508000,0.368000,1.330000,0
1.503000,1.406000,2.074000,-0.062000,0
0.844000,0.285000,-3.193000,2.238000,0
0.849000,0.157000,2.543000,-0.862000,0
-3.828000,3.112000,2.267000,3.318000,0
2.961000,-1.186000,0.011000,1.154000,0
0.243000,1.777000,2.012000,-0.316000,0
0.866000,0.812000,0.932000,2.987000,0
2.969000,2.182000,0.362000,0.249000,0
-1.611000,-0.318000,1.691000,3.836000,0
2.705000,2.391000,1.398000,1.011000,0
1.352000,0.305000,2.400000,3.687000,0
0.862000,3.080000,1.988000,0.992000,0
2.323000,0.496000,-0.106000,0.484000,0
1.859000,4.378000,-0.151000,1.990000,0
-0.509000,1.000000,2.167000,0.232000,0
1.384000,0.390000,0.258000,0.733000,0
3.650000,0.237000,3.097000,0.746000,0
2.296000,1.773000,-2.101000,0.765000,0
2.939000,1.402000,-0.813000,2.088000,0
1.496000,1.277000,1.112000,1.984000,0
1.170000,-2.368000,0.775000,-0.403000,0
-0.349000,-2.101000,-1.902000,-0.195000,1
-0.645000,-0.228000,-2.694000,-0.591000,1
-3.335000,-0.629000,-0.926000,-0.842000,1
-4.299000,1.157000,-2.221000,-0.955000,1
1.072000,0.473000,0.876000,-1.395000,1
-0.862000,0.353000,-0.099000,-2.509000,1
1.395000,-1.341000,-3.851000,-2.476000,1
-3.113000,-0.093000,-0.953000,-0.262000,1
-2.049000,-0.989000,0.353000,-1.742000,1
-2.050000,1.308000,0.871000,0.969000,1
-0.608000,-1.617000,-3.576000,-1.947000,1
-3.555000,-3.769000,-1.101000,-0.639000,1
0.727000,-2.452000,-0.637000,-3.394000,1
0.500000,-2.511000,-1.994000,-1.863000,1
-0.713000,-0.053000,-2.891000,-3.708000,1
-1.464000,0.121000,-1.375000,-0.685000,1
-0.862000,2.181000,-0.457000,-0.119000,1
1.923000,-0.120000,-0.980000,0.157000,1
-0.552000,-1.720000,-2.122000,-2.801000,1
-0.135000,-3.561000,-1.382000,0.751000,1
-0.172000,1.108000,1.166000,-1.611000,1
-0.736000,1.262000,-2.098000,-3.900000,1
-2.670000,-0.473000,-1.396000,-1.355000,1
-0.609000,-3.221000,-1.127000,-1.548000,1
-0.966000,-2.219000,0.279000,0.434000,1
-1.866000,-2.123000,-1.685000,1.222000,1
0.952000,0.721000,-1.803000,-2.375000,1
0.458000,-2.183000,0.539000,-2.688000,1
0.842000,2.728000,0.279000,-3.195000,1
-0.244000,-2.995000,1.254000,-0.859000,1
1.816000,0.749000,-0.530000,1.106000,1
0.060000,1.012000,1.295000,-3.794000,1
-0.917000,-1.149000,-2.048000,0.910000,1
-1.192000,-2.136000,-3.108000,-0.564000,1
-1.035000,1.062000,-2.421000,-0.572000,1
-2.070000,1.122000,-0.908000,-0.727000,1
-2.904000,-0.653000,1.220000,-0.989000,1
1.027000,0.161000,-1.720000,-1.422000,1
-0.991000,-2.095000,1.420000,2.473000,1
-1.455000,0.034000,-3.426000,0.293000,1
-3.288000,0.028000,-3.347000,-0.945000,1
1.473000,6.358000,0.789000,-0.740000,1
-0.143000,-0.450000,0.362000,-4.568000,1
1.902000,-1.024000,-1.890000,-0.947000,1
1.842000,-0.123000,0.148000,-3.238000,1
-4.418000,0.703000,2.236000,0.083000,1
-1.181000,-0.902000,1.940000,1.819000,1
0.316000,-1.112000,-2.125000,-0.394000,1
-0.286000,-0.310000,-2.199000,-1.081000,1
-0.360000,0.621000,0.184000,-0.176000,1
-3.234000,-0.862000,-3.846000,-0.326000,1
-1.107000,-2.238000,-4.542000,0.871000,1
-0.018000,0.389000,-2.246000,0.144000,1
-0.384000,0.033000,-1.535000,-1.271000,1
-0.635000,-1.859000,0.298000,-1.485000,1
-2.430000,-1.648000,0.570000,-2.081000,1
-4.070000,-0.508000,-3.864000,-0.616000,1
-1.457000,-1.843000,-0.573000,-2.874000,1
1.102000,1.249000,-0.541000,-1.131000,1
-1.893000,-0.214000,-0.630000,-0.728000,1
-1.386000,0.470000,-1.915000,0.108000,1
0.555000,0.118000,-3.845000,-1.196000,1
-2.431000,-0.443000,-3.871000,-2.524000,1
1.004000,0.855000,-3.088000,-2.724000,1
-1.085000,-0.935000,-1.056000,-1.178000,1
-1.165000,1.902000,-0.439000,-1.534000,1
-3.269000,-3.265000,-3.024000,0.343000,1
-2.301000,-0.708000,-2.337000,-2.928000,1
-2.988000,-2.426000,-0.791000,-1.223000,1
-0.453000,-1.135000,-0.991000,-1.912000,1
-0.387000,-0.049000,-1.679000,-0.406000,1
-0.352000,1.399000,-0.040000,-4.763000,1
-2.669000,1.235000,-1.524000,-0.924000,1
0.529000,-0.768000,-1.420000,-0.088000,1
-0.502000,1.565000,0.708000,-1.455000,1
-0.952000,-1.379000,-2.458000,0.271000,1
-1.454000,-2.677000,0.304000,-0.633000,1
-0.021000,0.122000,-0.757000,-0.593000,1
-0.474000,-1.149000,1.886000,-2.641000,1
1.738000,-1.657000,-5.198000,-1.404000,1
-2.139000,-2.861000,-3.064000,-1.919000,1
-2.574000,-2.759000,-1.989000,-4.499000,1
-2.581000,-1.229000,-1.805000,0.857000,1
-0.160000,0.231000,-1.171000,-0.851000,1
0.876000,-0.487000,-1.976000,-1.316000,1
-0.359000,1.222000,-0.535000,-1.965000,1
-1.502000,-0.849000,-0.410000,-0.900000,1
-0.580000,-1.969000,-0.359000,-0.061000,1
-3.050000,-0.359000,-1.724000,1.697000,1
-2.027000,-2.943000,1.344000,0.435000,1
-1.567000,-0.350000,-4.010000,-1.931000,1
-1.449000,0.866000,-1.287000,-2.215000,1
-1.810000,0.627000,-1.224000,-0.923000,1
-1.966000,0.433000,-2.894000,1.057000,1
-2.291000,-3.063000,-0.766000,-1.629000,1
-3.683000,0.077000,-1.967000,1.995000,1
-0.083000,-0.925000,0.852000,-0.027000,1
0.263000,-1.663000,-3.516000,-2.477000,1
1.116000,-3.077000,0.307000,0.842000,1
-3.029000,-1.670000,-2.737000,-1.439000,1
0.446000,-2.437000,-1.500000,-0.562000,1
-2.619000,-1.530000,-2.974000,-1.997000,1
2.707000,-1.828000,-2.679000,-1.121000,1
1.867000,-0.548000,-2.670000,-1.688000,1
1.108000,2.876000,0.943000,-1.085000,1
-1.449000,-2.528000,-0.066000,-0.482000,1
-1.709000,0.329000,-0.444000,-1.582000,1
0.631000,-1.075000,1.152000,-2.915000,1
-2.089000,-3.745000,-2.009000,-1.132000,1
0.148000,0.055000,2.566000,-1.330000,1
-0.319000,-0.728000,-0.260000,-4.516000,1
0.173000,0.514000,-1.697000,-1.862000,1
-2.039000,-0.023000,1.397000,0.040000,1
-4.415000,-1.783000,1.349000,-0.979000,1
-0.608000,0.476000,-2.729000,0.279000,1
-2.799000,-2.248000,-3.558000,-0.590000,1
-1.148000,1.355000,-1.987000,-2.717000,1
0.336000,-0.458000,-0.975000,-1.806000,1
-3.062000,-0.875000,-0.921000,-1.579000,1
-0.305000,-0.726000,-2.243000,-4.003000,1
-1.803000,-2.800000,1.651000,-0.152000,1
-0.726000,0.570000,-0.900000,-1.794000,1
-2.136000,-0.282000,-0.604000,-0.721000,1
-0.458000,0.750000,1.798000,-0.236000,1
-0.979000,2.123000,0.845000,-3.310000,1
